service_id,date,exception_type
1,20191224,2
1,20200101,2
1,20200102,2
1,20200103,2
1,20200106,2
1,20200107,2
1,20200108,2
1,20200109,2
1,20200110,2
1,20200113,2
1,20200114,2
1,20200115,2
1,20200116,2
1,20200117,2
1,20200120,2
1,20200121,2
1,20200122,2
1,20200123,2
1,20200124,2
1,20200127,2
1,20200128,2
1,20200129,2
1,20200130,2
1,20200131,2
1,20200203,2
1,20200204,2
1,20200205,2
1,20200206,2
1,20200207,2
1,20200210,2
1,20200211,2
1,20200212,2
1,20200213,2
1,20200214,2
1,20200217,2
1,20200218,2
1,20200219,2
1,20200220,2
1,20200221,2
1,20200224,2
1,20200225,2
1,20200226,2
1,20200227,2
1,20200228,2
1,20200302,2
1,20200303,2
1,20200304,2
1,20200305,2
1,20200306,2
1,20200309,2
1,20200310,2
1,20200311,2
1,20200312,2
1,20200313,2
1,20200316,2
1,20200317,2
1,20200318,2
1,20200319,2
1,20200320,2
1,20200323,2
1,20200324,2
1,20200325,2
1,20200326,2
1,20200327,2
1,20200330,2
1,20200331,2
1,20200401,2
1,20200402,2
1,20200403,2
1,20200406,2
1,20200407,2
1,20200408,2
1,20200409,2
1,20200410,2
1,20200413,2
1,20200414,2
1,20200415,2
1,20200416,2
1,20200417,2
1,20200420,2
1,20200421,2
1,20200422,2
1,20200423,2
1,20200424,2
1,20200427,2
1,20200428,2
1,20200429,2
1,20200430,2
1,20200501,2
1,20200504,2
1,20200505,2
1,20200506,2
1,20200507,2
1,20200508,2
1,20200511,2
1,20200512,2
1,20200513,2
1,20200514,2
1,20200515,2
1,20200518,2
1,20200519,2
1,20200520,2
1,20200521,2
1,20200522,2
1,20200525,2
1,20200526,2
1,20200527,2
1,20200528,2
1,20200529,2
1,20200601,2
1,20200602,2
1,20200603,2
1,20200604,2
1,20200605,2
1,20200608,2
1,20200609,2
1,20200610,2
1,20200611,2
1,20200612,2
1,20200615,2
1,20200616,2
1,20200617,2
1,20200618,2
1,20200619,2
1,20200622,2
1,20200623,2
1,20200624,2
1,20200625,2
1,20200626,2
1,20200629,2
1,20200630,2
1,20200701,2
1,20200702,2
1,20200703,2
1,20200706,2
1,20200707,2
1,20200708,2
1,20200709,2
1,20200710,2
1,20200713,2
1,20200714,2
1,20200715,2
1,20200716,2
1,20200717,2
1,20200720,2
1,20200721,2
1,20200722,2
1,20200723,2
1,20200724,2
1,20200727,2
1,20200728,2
1,20200729,2
1,20200730,2
1,20200731,2
1,20200803,2
1,20200804,2
1,20200805,2
1,20200806,2
1,20200807,2
1,20200810,2
1,20200811,2
1,20200812,2
1,20200813,2
1,20200814,2
1,20200817,2
1,20200818,2
1,20200819,2
1,20200820,2
1,20200821,2
1,20200824,2
1,20200825,2
1,20200826,2
1,20200827,2
1,20200828,2
1,20200831,2
1,20200901,2
1,20200902,2
1,20200903,2
1,20200904,2
1,20200907,2
1,20200908,2
1,20200909,2
1,20200910,2
1,20200911,2
1,20200914,2
1,20200915,2
1,20200916,2
1,20200917,2
1,20200918,2
1,20200921,2
1,20200922,2
1,20200923,2
1,20200924,2
1,20200925,2
1,20200928,2
1,20200929,2
1,20200930,2
1,20201001,2
1,20201002,2
1,20201005,2
1,20201006,2
1,20201007,2
1,20201008,2
1,20201009,2
1,20201012,2
1,20201013,2
1,20201014,2
1,20201015,2
1,20201016,2
1,20201019,2
1,20201020,2
1,20201021,2
1,20201022,2
1,20201023,2
1,20201026,2
1,20201027,2
1,20201028,2
1,20201029,2
1,20201030,2
1,20201102,2
1,20201103,2
1,20201104,2
1,20201105,2
1,20201106,2
1,20201109,2
1,20201110,2
1,20201111,2
1,20201112,2
1,20201113,2
10,20191225,2
10,20200101,2
10,20200102,2
10,20200103,2
10,20200106,2
10,20200107,2
10,20200108,2
10,20200109,2
10,20200110,2
10,20200113,2
10,20200114,2
10,20200115,2
10,20200116,2
10,20200117,2
10,20200120,2
10,20200121,2
10,20200122,2
10,20200123,2
10,20200124,2
10,20200127,2
10,20200128,2
10,20200129,2
10,20200130,2
10,20200131,2
10,20200203,2
10,20200204,2
10,20200205,2
10,20200206,2
10,20200207,2
10,20200210,2
10,20200211,2
10,20200212,2
10,20200213,2
10,20200214,2
10,20200217,2
10,20200218,2
10,20200219,2
10,20200220,2
10,20200221,2
10,20200224,2
10,20200225,2
10,20200226,2
10,20200227,2
10,20200228,2
10,20200302,2
10,20200303,2
10,20200304,2
10,20200305,2
10,20200306,2
10,20200309,2
10,20200310,2
10,20200311,2
10,20200312,2
10,20200313,2
10,20200316,2
10,20200317,2
10,20200318,2
10,20200319,2
10,20200320,2
10,20200323,2
10,20200324,2
10,20200325,2
10,20200326,2
10,20200327,2
10,20200330,2
10,20200331,2
10,20200401,2
10,20200402,2
10,20200403,2
10,20200406,2
10,20200407,2
10,20200408,2
10,20200409,2
10,20200410,2
10,20200413,2
10,20200414,2
10,20200415,2
10,20200416,2
10,20200417,2
10,20200420,2
10,20200421,2
10,20200422,2
10,20200423,2
10,20200424,2
10,20200427,2
10,20200428,2
10,20200429,2
10,20200430,2
10,20200501,2
10,20200504,2
10,20200505,2
10,20200506,2
10,20200507,2
10,20200508,2
10,20200511,2
10,20200512,2
10,20200513,2
10,20200514,2
10,20200515,2
10,20200518,2
10,20200519,2
10,20200520,2
10,20200521,2
10,20200522,2
10,20200525,2
10,20200526,2
10,20200527,2
10,20200528,2
10,20200529,2
10,20200601,2
10,20200602,2
10,20200603,2
10,20200604,2
10,20200605,2
10,20200608,2
10,20200609,2
10,20200610,2
10,20200611,2
10,20200612,2
10,20200615,2
10,20200616,2
10,20200617,2
10,20200618,2
10,20200619,2
10,20200622,2
10,20200623,2
10,20200624,2
10,20200625,2
10,20200626,2
10,20200629,2
10,20200630,2
10,20200701,2
10,20200702,2
10,20200703,2
10,20200706,2
10,20200707,2
10,20200708,2
10,20200709,2
10,20200710,2
10,20200713,2
10,20200714,2
10,20200715,2
10,20200716,2
10,20200717,2
10,20200720,2
10,20200721,2
10,20200722,2
10,20200723,2
10,20200724,2
10,20200727,2
10,20200728,2
10,20200729,2
10,20200730,2
10,20200731,2
10,20200803,2
10,20200804,2
10,20200805,2
10,20200806,2
10,20200807,2
10,20200810,2
10,20200811,2
10,20200812,2
10,20200813,2
10,20200814,2
10,20200817,2
10,20200818,2
10,20200819,2
10,20200820,2
10,20200821,2
10,20200824,2
10,20200825,2
10,20200826,2
10,20200827,2
10,20200828,2
10,20200831,2
10,20200901,2
10,20200902,2
10,20200903,2
10,20200904,2
10,20200907,2
10,20200908,2
10,20200909,2
10,20200910,2
10,20200911,2
10,20200914,2
10,20200915,2
10,20200916,2
10,20200917,2
10,20200918,2
10,20200921,2
10,20200922,2
10,20200923,2
10,20200924,2
10,20200925,2
10,20200928,2
10,20200929,2
10,20200930,2
10,20201001,2
10,20201002,2
10,20201005,2
10,20201006,2
10,20201007,2
10,20201008,2
10,20201009,2
10,20201012,2
10,20201013,2
10,20201014,2
10,20201015,2
10,20201016,2
10,20201019,2
10,20201020,2
10,20201021,2
10,20201022,2
10,20201023,2
10,20201026,2
10,20201027,2
10,20201028,2
10,20201029,2
10,20201030,2
10,20201102,2
10,20201103,2
10,20201104,2
10,20201105,2
10,20201106,2
10,20201109,2
10,20201110,2
10,20201111,2
10,20201112,2
10,20201113,2
11,20200101,2
11,20200102,2
11,20200103,2
11,20200106,2
11,20200107,2
11,20200108,2
11,20200109,2
11,20200110,2
11,20200113,2
11,20200114,2
11,20200115,2
11,20200116,2
11,20200117,2
11,20200120,2
11,20200121,2
11,20200122,2
11,20200123,2
11,20200124,2
11,20200127,2
11,20200128,2
11,20200129,2
11,20200130,2
11,20200131,2
11,20200203,2
11,20200204,2
11,20200205,2
11,20200206,2
11,20200207,2
11,20200210,2
11,20200211,2
11,20200212,2
11,20200213,2
11,20200214,2
11,20200217,2
11,20200218,2
11,20200219,2
11,20200220,2
11,20200221,2
11,20200224,2
11,20200225,2
11,20200226,2
11,20200227,2
11,20200228,2
11,20200302,2
11,20200303,2
11,20200304,2
11,20200305,2
11,20200306,2
11,20200309,2
11,20200310,2
11,20200311,2
11,20200312,2
11,20200313,2
11,20200316,2
11,20200317,2
11,20200318,2
11,20200319,2
11,20200320,2
11,20200323,2
11,20200324,2
11,20200325,2
11,20200326,2
11,20200327,2
11,20200330,2
11,20200331,2
11,20200401,2
11,20200402,2
11,20200403,2
11,20200406,2
11,20200407,2
11,20200408,2
11,20200409,2
11,20200410,2
11,20200413,2
11,20200414,2
11,20200415,2
11,20200416,2
11,20200417,2
11,20200420,2
11,20200421,2
11,20200422,2
11,20200423,2
11,20200424,2
11,20200427,2
11,20200428,2
11,20200429,2
11,20200430,2
11,20200501,2
11,20200504,2
11,20200505,2
11,20200506,2
11,20200507,2
11,20200508,2
11,20200511,2
11,20200512,2
11,20200513,2
11,20200514,2
11,20200515,2
11,20200518,2
11,20200519,2
11,20200520,2
11,20200521,2
11,20200522,2
11,20200525,2
11,20200526,2
11,20200527,2
11,20200528,2
11,20200529,2
11,20200601,2
11,20200602,2
11,20200603,2
11,20200604,2
11,20200605,2
11,20200608,2
11,20200609,2
11,20200610,2
11,20200611,2
11,20200612,2
11,20200615,2
11,20200616,2
11,20200617,2
11,20200618,2
11,20200619,2
11,20200622,2
11,20200623,2
11,20200624,2
11,20200625,2
11,20200626,2
11,20200629,2
11,20200630,2
11,20200701,2
11,20200702,2
11,20200703,2
11,20200706,2
11,20200707,2
11,20200708,2
11,20200709,2
11,20200710,2
11,20200713,2
11,20200714,2
11,20200715,2
11,20200716,2
11,20200717,2
11,20200720,2
11,20200721,2
11,20200722,2
11,20200723,2
11,20200724,2
11,20200727,2
11,20200728,2
11,20200729,2
11,20200730,2
11,20200731,2
11,20200803,2
11,20200804,2
11,20200805,2
11,20200806,2
11,20200807,2
11,20200810,2
11,20200811,2
11,20200812,2
11,20200813,2
11,20200814,2
11,20200817,2
11,20200818,2
11,20200819,2
11,20200820,2
11,20200821,2
11,20200824,2
11,20200825,2
11,20200826,2
11,20200827,2
11,20200828,2
11,20200831,2
11,20200901,2
11,20200902,2
11,20200903,2
11,20200904,2
11,20200907,2
11,20200908,2
11,20200909,2
11,20200910,2
11,20200911,2
11,20200914,2
11,20200915,2
11,20200916,2
11,20200917,2
11,20200918,2
11,20200921,2
11,20200922,2
11,20200923,2
11,20200924,2
11,20200925,2
11,20200928,2
11,20200929,2
11,20200930,2
11,20201001,2
11,20201002,2
11,20201005,2
11,20201006,2
11,20201007,2
11,20201008,2
11,20201009,2
11,20201012,2
11,20201013,2
11,20201014,2
11,20201015,2
11,20201016,2
11,20201019,2
11,20201020,2
11,20201021,2
11,20201022,2
11,20201023,2
11,20201026,2
11,20201027,2
11,20201028,2
11,20201029,2
11,20201030,2
11,20201102,2
11,20201103,2
11,20201104,2
11,20201105,2
11,20201106,2
11,20201109,2
11,20201110,2
11,20201111,2
11,20201112,2
11,20201113,2
13,20191115,2
13,20191116,2
13,20191118,2
13,20191119,2
13,20191120,2
13,20191121,2
13,20191122,2
13,20191123,2
13,20191125,2
13,20191126,2
13,20191127,2
13,20191128,2
13,20191129,2
13,20191130,2
13,20191202,2
13,20191203,2
13,20191204,2
13,20191205,2
13,20191206,2
13,20191207,2
13,20191209,2
13,20191210,2
13,20191211,2
13,20191212,2
13,20191213,2
13,20191214,2
13,20191216,2
13,20191217,2
13,20191218,2
13,20191219,2
13,20191220,2
13,20191221,2
13,20191223,2
13,20191225,2
13,20191226,2
13,20191227,2
13,20191228,2
13,20191230,2
13,20191231,2
13,20200101,2
13,20200102,2
13,20200103,2
13,20200104,2
13,20200105,2
13,20200106,2
13,20200107,2
13,20200108,2
13,20200109,2
13,20200110,2
13,20200111,2
13,20200112,2
13,20200113,2
13,20200114,2
13,20200115,2
13,20200116,2
13,20200117,2
13,20200118,2
13,20200119,2
13,20200120,2
13,20200121,2
13,20200122,2
13,20200123,2
13,20200124,2
13,20200125,2
13,20200126,2
13,20200127,2
13,20200128,2
13,20200129,2
13,20200130,2
13,20200131,2
13,20200201,2
13,20200202,2
13,20200203,2
13,20200204,2
13,20200205,2
13,20200206,2
13,20200207,2
13,20200208,2
13,20200209,2
13,20200210,2
13,20200211,2
13,20200212,2
13,20200213,2
13,20200214,2
13,20200215,2
13,20200216,2
13,20200217,2
13,20200218,2
13,20200219,2
13,20200220,2
13,20200221,2
13,20200222,2
13,20200223,2
13,20200224,2
13,20200225,2
13,20200226,2
13,20200227,2
13,20200228,2
13,20200229,2
13,20200301,2
13,20200302,2
13,20200303,2
13,20200304,2
13,20200305,2
13,20200306,2
13,20200307,2
13,20200308,2
13,20200309,2
13,20200310,2
13,20200311,2
13,20200312,2
13,20200313,2
13,20200314,2
13,20200315,2
13,20200316,2
13,20200317,2
13,20200318,2
13,20200319,2
13,20200320,2
13,20200321,2
13,20200322,2
13,20200323,2
13,20200324,2
13,20200325,2
13,20200326,2
13,20200327,2
13,20200328,2
13,20200329,2
13,20200330,2
13,20200331,2
13,20200401,2
13,20200402,2
13,20200403,2
13,20200404,2
13,20200405,2
13,20200406,2
13,20200407,2
13,20200408,2
13,20200409,2
13,20200410,2
13,20200411,2
13,20200412,2
13,20200413,2
13,20200414,2
13,20200415,2
13,20200416,2
13,20200417,2
13,20200418,2
13,20200419,2
13,20200420,2
13,20200421,2
13,20200422,2
13,20200423,2
13,20200424,2
13,20200425,2
13,20200426,2
13,20200427,2
13,20200428,2
13,20200429,2
13,20200430,2
13,20200501,2
13,20200502,2
13,20200503,2
13,20200504,2
13,20200505,2
13,20200506,2
13,20200507,2
13,20200508,2
13,20200509,2
13,20200510,2
13,20200511,2
13,20200512,2
13,20200513,2
13,20200514,2
13,20200515,2
13,20200516,2
13,20200517,2
13,20200518,2
13,20200519,2
13,20200520,2
13,20200521,2
13,20200522,2
13,20200523,2
13,20200524,2
13,20200525,2
13,20200526,2
13,20200527,2
13,20200528,2
13,20200529,2
13,20200530,2
13,20200531,2
13,20200601,2
13,20200602,2
13,20200603,2
13,20200604,2
13,20200605,2
13,20200606,2
13,20200607,2
13,20200608,2
13,20200609,2
13,20200610,2
13,20200611,2
13,20200612,2
13,20200613,2
13,20200614,2
13,20200615,2
13,20200616,2
13,20200617,2
13,20200618,2
13,20200619,2
13,20200620,2
13,20200621,2
13,20200622,2
13,20200623,2
13,20200624,2
13,20200625,2
13,20200626,2
13,20200627,2
13,20200628,2
13,20200629,2
13,20200630,2
13,20200701,2
13,20200702,2
13,20200703,2
13,20200704,2
13,20200705,2
13,20200706,2
13,20200707,2
13,20200708,2
13,20200709,2
13,20200710,2
13,20200711,2
13,20200712,2
13,20200713,2
13,20200714,2
13,20200715,2
13,20200716,2
13,20200717,2
13,20200718,2
13,20200719,2
13,20200720,2
13,20200721,2
13,20200722,2
13,20200723,2
13,20200724,2
13,20200725,2
13,20200726,2
13,20200727,2
13,20200728,2
13,20200729,2
13,20200730,2
13,20200731,2
13,20200801,2
13,20200802,2
13,20200803,2
13,20200804,2
13,20200805,2
13,20200806,2
13,20200807,2
13,20200808,2
13,20200809,2
13,20200810,2
13,20200811,2
13,20200812,2
13,20200813,2
13,20200814,2
13,20200815,2
13,20200816,2
13,20200817,2
13,20200818,2
13,20200819,2
13,20200820,2
13,20200821,2
13,20200822,2
13,20200823,2
13,20200824,2
13,20200825,2
13,20200826,2
13,20200827,2
13,20200828,2
13,20200829,2
13,20200830,2
13,20200831,2
13,20200901,2
13,20200902,2
13,20200903,2
13,20200904,2
13,20200905,2
13,20200906,2
13,20200907,2
13,20200908,2
13,20200909,2
13,20200910,2
13,20200911,2
13,20200912,2
13,20200913,2
13,20200914,2
13,20200915,2
13,20200916,2
13,20200917,2
13,20200918,2
13,20200919,2
13,20200920,2
13,20200921,2
13,20200922,2
13,20200923,2
13,20200924,2
13,20200925,2
13,20200926,2
13,20200927,2
13,20200928,2
13,20200929,2
13,20200930,2
13,20201001,2
13,20201002,2
13,20201003,2
13,20201004,2
13,20201005,2
13,20201006,2
13,20201007,2
13,20201008,2
13,20201009,2
13,20201010,2
13,20201011,2
13,20201012,2
13,20201013,2
13,20201014,2
13,20201015,2
13,20201016,2
13,20201017,2
13,20201018,2
13,20201019,2
13,20201020,2
13,20201021,2
13,20201022,2
13,20201023,2
13,20201024,2
13,20201025,2
13,20201026,2
13,20201027,2
13,20201028,2
13,20201029,2
13,20201030,2
13,20201031,2
13,20201101,2
13,20201102,2
13,20201103,2
13,20201104,2
13,20201105,2
13,20201106,2
13,20201107,2
13,20201108,2
13,20201109,2
13,20201110,2
13,20201111,2
13,20201112,2
13,20201113,2
13,20201114,2
14,20191225,2
14,20200101,2
14,20200501,2
14,20200508,2
14,20200714,2
14,20200729,2
14,20200730,2
14,20200731,2
14,20200803,2
14,20200804,2
14,20200805,2
14,20200806,2
14,20200807,2
14,20200810,2
14,20200811,2
14,20200812,2
14,20200813,2
14,20200814,2
14,20200901,2
14,20200902,2
14,20200903,2
14,20200904,2
14,20200907,2
14,20200908,2
14,20200909,2
14,20200910,2
14,20200911,2
14,20200914,2
14,20200915,2
14,20200916,2
14,20200917,2
14,20200918,2
14,20200921,2
14,20200922,2
14,20200923,2
14,20200924,2
14,20200925,2
14,20200928,2
14,20200929,2
14,20200930,2
14,20201001,2
14,20201002,2
14,20201005,2
14,20201006,2
14,20201007,2
14,20201008,2
14,20201009,2
14,20201012,2
14,20201013,2
14,20201014,2
14,20201015,2
14,20201016,2
14,20201019,2
14,20201020,2
14,20201021,2
14,20201022,2
14,20201023,2
14,20201026,2
14,20201027,2
14,20201028,2
14,20201029,2
14,20201030,2
14,20201102,2
14,20201103,2
14,20201104,2
14,20201105,2
14,20201106,2
14,20201109,2
14,20201110,2
14,20201111,2
14,20201112,2
14,20201113,2
15,20191223,2
15,20191224,2
15,20191225,2
15,20191226,2
15,20191227,2
15,20191230,2
15,20191231,2
15,20200101,2
15,20200102,2
15,20200103,2
15,20200203,2
15,20200204,2
15,20200205,2
15,20200206,2
15,20200207,2
15,20200210,2
15,20200211,2
15,20200212,2
15,20200213,2
15,20200214,2
15,20200302,2
15,20200501,2
15,20200508,2
15,20200706,2
15,20200707,2
15,20200708,2
15,20200709,2
15,20200710,2
15,20200713,2
15,20200714,2
15,20200715,2
15,20200716,2
15,20200717,2
15,20200720,2
15,20200721,2
15,20200722,2
15,20200723,2
15,20200724,2
15,20200727,2
15,20200728,2
15,20200729,2
15,20200730,2
15,20200731,2
15,20200803,2
15,20200804,2
15,20200805,2
15,20200806,2
15,20200807,2
15,20200810,2
15,20200811,2
15,20200812,2
15,20200813,2
15,20200814,2
15,20200817,2
15,20200818,2
15,20200819,2
15,20200820,2
15,20200821,2
15,20200824,2
15,20200825,2
15,20200826,2
15,20200827,2
15,20200828,2
15,20200831,2
15,20200901,2
15,20200902,2
15,20200903,2
15,20200904,2
15,20200907,2
15,20200908,2
15,20200909,2
15,20200910,2
15,20200911,2
15,20200914,2
15,20200915,2
15,20200916,2
15,20200917,2
15,20200918,2
15,20200921,2
15,20200922,2
15,20200923,2
15,20200924,2
15,20200925,2
15,20200928,2
15,20200929,2
15,20200930,2
15,20201001,2
15,20201002,2
15,20201005,2
15,20201006,2
15,20201007,2
15,20201008,2
15,20201009,2
15,20201012,2
15,20201013,2
15,20201014,2
15,20201015,2
15,20201016,2
15,20201019,2
15,20201020,2
15,20201021,2
15,20201022,2
15,20201023,2
15,20201026,2
15,20201027,2
15,20201028,2
15,20201029,2
15,20201030,2
15,20201102,2
15,20201103,2
15,20201104,2
15,20201105,2
15,20201106,2
15,20201109,2
15,20201110,2
15,20201111,2
15,20201112,2
15,20201113,2
16,20191225,2
16,20200101,2
16,20200203,2
16,20200204,2
16,20200205,2
16,20200206,2
16,20200207,2
16,20200210,2
16,20200211,2
16,20200212,2
16,20200213,2
16,20200214,2
16,20200302,2
16,20200501,2
16,20200508,2
16,20200706,2
16,20200707,2
16,20200708,2
16,20200709,2
16,20200710,2
16,20200713,2
16,20200714,2
16,20200715,2
16,20200716,2
16,20200717,2
16,20200720,2
16,20200721,2
16,20200722,2
16,20200723,2
16,20200724,2
16,20200727,2
16,20200728,2
16,20200729,2
16,20200730,2
16,20200731,2
16,20200803,2
16,20200804,2
16,20200805,2
16,20200806,2
16,20200807,2
16,20200810,2
16,20200811,2
16,20200812,2
16,20200813,2
16,20200814,2
16,20200817,2
16,20200818,2
16,20200819,2
16,20200820,2
16,20200821,2
16,20200824,2
16,20200825,2
16,20200826,2
16,20200827,2
16,20200828,2
16,20200831,2
16,20200901,2
16,20200902,2
16,20200903,2
16,20200904,2
16,20200907,2
16,20200908,2
16,20200909,2
16,20200910,2
16,20200911,2
16,20200914,2
16,20200915,2
16,20200916,2
16,20200917,2
16,20200918,2
16,20200921,2
16,20200922,2
16,20200923,2
16,20200924,2
16,20200925,2
16,20200928,2
16,20200929,2
16,20200930,2
16,20201001,2
16,20201002,2
16,20201005,2
16,20201006,2
16,20201007,2
16,20201008,2
16,20201009,2
16,20201012,2
16,20201013,2
16,20201014,2
16,20201015,2
16,20201016,2
16,20201019,2
16,20201020,2
16,20201021,2
16,20201022,2
16,20201023,2
16,20201026,2
16,20201027,2
16,20201028,2
16,20201029,2
16,20201030,2
16,20201102,2
16,20201103,2
16,20201104,2
16,20201105,2
16,20201106,2
16,20201109,2
16,20201110,2
16,20201111,2
16,20201112,2
16,20201113,2
17,20191115,2
17,20191118,2
17,20191119,2
17,20191120,2
17,20191121,2
17,20191122,2
17,20191125,2
17,20191126,2
17,20191127,2
17,20191128,2
17,20191129,2
17,20191202,2
17,20191203,2
17,20191204,2
17,20191205,2
17,20191206,2
17,20191209,2
17,20191210,2
17,20191211,2
17,20191212,2
17,20191213,2
17,20191216,2
17,20191217,2
17,20191218,2
17,20191219,2
17,20191220,2
17,20191225,2
17,20200101,2
17,20200106,2
17,20200107,2
17,20200108,2
17,20200109,2
17,20200110,2
17,20200113,2
17,20200114,2
17,20200115,2
17,20200116,2
17,20200117,2
17,20200120,2
17,20200121,2
17,20200122,2
17,20200123,2
17,20200124,2
17,20200127,2
17,20200128,2
17,20200129,2
17,20200130,2
17,20200131,2
17,20200203,2
17,20200204,2
17,20200205,2
17,20200206,2
17,20200207,2
17,20200210,2
17,20200211,2
17,20200212,2
17,20200213,2
17,20200214,2
17,20200302,2
17,20200303,2
17,20200304,2
17,20200305,2
17,20200306,2
17,20200309,2
17,20200310,2
17,20200311,2
17,20200312,2
17,20200313,2
17,20200316,2
17,20200317,2
17,20200318,2
17,20200319,2
17,20200320,2
17,20200323,2
17,20200324,2
17,20200325,2
17,20200326,2
17,20200327,2
17,20200330,2
17,20200331,2
17,20200401,2
17,20200402,2
17,20200403,2
17,20200406,2
17,20200407,2
17,20200408,2
17,20200409,2
17,20200410,2
17,20200427,2
17,20200428,2
17,20200429,2
17,20200430,2
17,20200501,2
17,20200504,2
17,20200505,2
17,20200506,2
17,20200507,2
17,20200508,2
17,20200511,2
17,20200512,2
17,20200513,2
17,20200514,2
17,20200515,2
17,20200518,2
17,20200519,2
17,20200520,2
17,20200521,2
17,20200522,2
17,20200525,2
17,20200526,2
17,20200527,2
17,20200528,2
17,20200529,2
17,20200601,2
17,20200602,2
17,20200603,2
17,20200604,2
17,20200605,2
17,20200608,2
17,20200609,2
17,20200610,2
17,20200611,2
17,20200612,2
17,20200615,2
17,20200616,2
17,20200617,2
17,20200618,2
17,20200619,2
17,20200622,2
17,20200623,2
17,20200624,2
17,20200625,2
17,20200626,2
17,20200629,2
17,20200630,2
17,20200701,2
17,20200702,2
17,20200703,2
17,20200706,2
17,20200707,2
17,20200708,2
17,20200709,2
17,20200710,2
17,20200713,2
17,20200714,2
17,20200715,2
17,20200716,2
17,20200717,2
17,20200720,2
17,20200721,2
17,20200722,2
17,20200723,2
17,20200724,2
17,20200727,2
17,20200728,2
17,20200729,2
17,20200730,2
17,20200731,2
17,20200803,2
17,20200804,2
17,20200805,2
17,20200806,2
17,20200807,2
17,20200810,2
17,20200811,2
17,20200812,2
17,20200813,2
17,20200814,2
17,20200817,2
17,20200818,2
17,20200819,2
17,20200820,2
17,20200821,2
17,20200824,2
17,20200825,2
17,20200826,2
17,20200827,2
17,20200828,2
17,20200831,2
17,20200901,2
17,20200902,2
17,20200903,2
17,20200904,2
17,20200907,2
17,20200908,2
17,20200909,2
17,20200910,2
17,20200911,2
17,20200914,2
17,20200915,2
17,20200916,2
17,20200917,2
17,20200918,2
17,20200921,2
17,20200922,2
17,20200923,2
17,20200924,2
17,20200925,2
17,20200928,2
17,20200929,2
17,20200930,2
17,20201001,2
17,20201002,2
17,20201005,2
17,20201006,2
17,20201007,2
17,20201008,2
17,20201009,2
17,20201012,2
17,20201013,2
17,20201014,2
17,20201015,2
17,20201016,2
17,20201019,2
17,20201020,2
17,20201021,2
17,20201022,2
17,20201023,2
17,20201026,2
17,20201027,2
17,20201028,2
17,20201029,2
17,20201030,2
17,20201102,2
17,20201103,2
17,20201104,2
17,20201105,2
17,20201106,2
17,20201109,2
17,20201110,2
17,20201111,2
17,20201112,2
17,20201113,2
18,20191225,2
18,20200101,2
18,20200205,2
18,20200212,2
18,20200708,2
18,20200715,2
18,20200722,2
18,20200729,2
18,20200805,2
18,20200812,2
18,20200819,2
18,20200826,2
18,20200902,2
18,20200909,2
18,20200916,2
18,20200923,2
18,20200930,2
18,20201007,2
18,20201014,2
18,20201021,2
18,20201028,2
18,20201104,2
18,20201111,2
19,20191115,2
19,20191118,2
19,20191119,2
19,20191121,2
19,20191122,2
19,20191125,2
19,20191126,2
19,20191128,2
19,20191129,2
19,20191202,2
19,20191203,2
19,20191205,2
19,20191206,2
19,20191209,2
19,20191210,2
19,20191212,2
19,20191213,2
19,20191216,2
19,20191217,2
19,20191219,2
19,20191220,2
19,20191223,2
19,20191224,2
19,20191226,2
19,20191227,2
19,20191230,2
19,20191231,2
19,20200102,2
19,20200103,2
19,20200106,2
19,20200107,2
19,20200109,2
19,20200110,2
19,20200113,2
19,20200114,2
19,20200116,2
19,20200117,2
19,20200120,2
19,20200121,2
19,20200123,2
19,20200124,2
19,20200127,2
19,20200128,2
19,20200130,2
19,20200131,2
19,20200203,2
19,20200204,2
19,20200206,2
19,20200207,2
19,20200210,2
19,20200211,2
19,20200213,2
19,20200214,2
19,20200217,2
19,20200218,2
19,20200220,2
19,20200221,2
19,20200224,2
19,20200225,2
19,20200227,2
19,20200228,2
19,20200302,2
19,20200303,2
19,20200305,2
19,20200306,2
19,20200309,2
19,20200310,2
19,20200312,2
19,20200313,2
19,20200316,2
19,20200317,2
19,20200319,2
19,20200320,2
19,20200323,2
19,20200324,2
19,20200326,2
19,20200327,2
19,20200330,2
19,20200331,2
19,20200402,2
19,20200403,2
19,20200406,2
19,20200407,2
19,20200409,2
19,20200410,2
19,20200413,2
19,20200414,2
19,20200416,2
19,20200417,2
19,20200420,2
19,20200421,2
19,20200423,2
19,20200424,2
19,20200427,2
19,20200428,2
19,20200430,2
19,20200501,2
19,20200504,2
19,20200505,2
19,20200507,2
19,20200508,2
19,20200511,2
19,20200512,2
19,20200514,2
19,20200515,2
19,20200518,2
19,20200519,2
19,20200521,2
19,20200522,2
19,20200525,2
19,20200526,2
19,20200528,2
19,20200529,2
19,20200601,2
19,20200602,2
19,20200604,2
19,20200605,2
19,20200608,2
19,20200609,2
19,20200611,2
19,20200612,2
19,20200615,2
19,20200616,2
19,20200618,2
19,20200619,2
19,20200622,2
19,20200623,2
19,20200625,2
19,20200626,2
19,20200629,2
19,20200630,2
19,20200702,2
19,20200703,2
19,20200706,2
19,20200707,2
19,20200709,2
19,20200710,2
19,20200713,2
19,20200714,2
19,20200716,2
19,20200717,2
19,20200720,2
19,20200721,2
19,20200723,2
19,20200724,2
19,20200727,2
19,20200728,2
19,20200730,2
19,20200731,2
19,20200803,2
19,20200804,2
19,20200806,2
19,20200807,2
19,20200810,2
19,20200811,2
19,20200813,2
19,20200814,2
19,20200817,2
19,20200818,2
19,20200820,2
19,20200821,2
19,20200824,2
19,20200825,2
19,20200827,2
19,20200828,2
19,20200831,2
19,20200901,2
19,20200903,2
19,20200904,2
19,20200907,2
19,20200908,2
19,20200910,2
19,20200911,2
19,20200914,2
19,20200915,2
19,20200917,2
19,20200918,2
19,20200921,2
19,20200922,2
19,20200924,2
19,20200925,2
19,20200928,2
19,20200929,2
19,20201001,2
19,20201002,2
19,20201005,2
19,20201006,2
19,20201008,2
19,20201009,2
19,20201012,2
19,20201013,2
19,20201015,2
19,20201016,2
19,20201019,2
19,20201020,2
19,20201022,2
19,20201023,2
19,20201026,2
19,20201027,2
19,20201029,2
19,20201030,2
19,20201102,2
19,20201103,2
19,20201105,2
19,20201106,2
19,20201109,2
19,20201110,2
19,20201112,2
19,20201113,2
2,20191225,2
2,20200101,2
2,20200102,2
2,20200103,2
2,20200104,2
2,20200106,2
2,20200107,2
2,20200108,2
2,20200109,2
2,20200110,2
2,20200111,2
2,20200113,2
2,20200114,2
2,20200115,2
2,20200116,2
2,20200117,2
2,20200118,2
2,20200120,2
2,20200121,2
2,20200122,2
2,20200123,2
2,20200124,2
2,20200125,2
2,20200127,2
2,20200128,2
2,20200129,2
2,20200130,2
2,20200131,2
2,20200201,2
2,20200203,2
2,20200204,2
2,20200205,2
2,20200206,2
2,20200207,2
2,20200208,2
2,20200210,2
2,20200211,2
2,20200212,2
2,20200213,2
2,20200214,2
2,20200215,2
2,20200217,2
2,20200218,2
2,20200219,2
2,20200220,2
2,20200221,2
2,20200222,2
2,20200224,2
2,20200225,2
2,20200226,2
2,20200227,2
2,20200228,2
2,20200229,2
2,20200302,2
2,20200303,2
2,20200304,2
2,20200305,2
2,20200306,2
2,20200307,2
2,20200309,2
2,20200310,2
2,20200311,2
2,20200312,2
2,20200313,2
2,20200314,2
2,20200316,2
2,20200317,2
2,20200318,2
2,20200319,2
2,20200320,2
2,20200321,2
2,20200323,2
2,20200324,2
2,20200325,2
2,20200326,2
2,20200327,2
2,20200328,2
2,20200330,2
2,20200331,2
2,20200401,2
2,20200402,2
2,20200403,2
2,20200404,2
2,20200406,2
2,20200407,2
2,20200408,2
2,20200409,2
2,20200410,2
2,20200411,2
2,20200413,2
2,20200414,2
2,20200415,2
2,20200416,2
2,20200417,2
2,20200418,2
2,20200420,2
2,20200421,2
2,20200422,2
2,20200423,2
2,20200424,2
2,20200425,2
2,20200427,2
2,20200428,2
2,20200429,2
2,20200430,2
2,20200501,2
2,20200502,2
2,20200504,2
2,20200505,2
2,20200506,2
2,20200507,2
2,20200508,2
2,20200509,2
2,20200511,2
2,20200512,2
2,20200513,2
2,20200514,2
2,20200515,2
2,20200516,2
2,20200518,2
2,20200519,2
2,20200520,2
2,20200521,2
2,20200522,2
2,20200523,2
2,20200525,2
2,20200526,2
2,20200527,2
2,20200528,2
2,20200529,2
2,20200530,2
2,20200601,2
2,20200602,2
2,20200603,2
2,20200604,2
2,20200605,2
2,20200606,2
2,20200608,2
2,20200609,2
2,20200610,2
2,20200611,2
2,20200612,2
2,20200613,2
2,20200615,2
2,20200616,2
2,20200617,2
2,20200618,2
2,20200619,2
2,20200620,2
2,20200622,2
2,20200623,2
2,20200624,2
2,20200625,2
2,20200626,2
2,20200627,2
2,20200629,2
2,20200630,2
2,20200701,2
2,20200702,2
2,20200703,2
2,20200704,2
2,20200706,2
2,20200707,2
2,20200708,2
2,20200709,2
2,20200710,2
2,20200711,2
2,20200713,2
2,20200714,2
2,20200715,2
2,20200716,2
2,20200717,2
2,20200718,2
2,20200720,2
2,20200721,2
2,20200722,2
2,20200723,2
2,20200724,2
2,20200725,2
2,20200727,2
2,20200728,2
2,20200729,2
2,20200730,2
2,20200731,2
2,20200801,2
2,20200803,2
2,20200804,2
2,20200805,2
2,20200806,2
2,20200807,2
2,20200808,2
2,20200810,2
2,20200811,2
2,20200812,2
2,20200813,2
2,20200814,2
2,20200815,2
2,20200817,2
2,20200818,2
2,20200819,2
2,20200820,2
2,20200821,2
2,20200822,2
2,20200824,2
2,20200825,2
2,20200826,2
2,20200827,2
2,20200828,2
2,20200829,2
2,20200831,2
2,20200901,2
2,20200902,2
2,20200903,2
2,20200904,2
2,20200905,2
2,20200907,2
2,20200908,2
2,20200909,2
2,20200910,2
2,20200911,2
2,20200912,2
2,20200914,2
2,20200915,2
2,20200916,2
2,20200917,2
2,20200918,2
2,20200919,2
2,20200921,2
2,20200922,2
2,20200923,2
2,20200924,2
2,20200925,2
2,20200926,2
2,20200928,2
2,20200929,2
2,20200930,2
2,20201001,2
2,20201002,2
2,20201003,2
2,20201005,2
2,20201006,2
2,20201007,2
2,20201008,2
2,20201009,2
2,20201010,2
2,20201012,2
2,20201013,2
2,20201014,2
2,20201015,2
2,20201016,2
2,20201017,2
2,20201019,2
2,20201020,2
2,20201021,2
2,20201022,2
2,20201023,2
2,20201024,2
2,20201026,2
2,20201027,2
2,20201028,2
2,20201029,2
2,20201030,2
2,20201031,2
2,20201102,2
2,20201103,2
2,20201104,2
2,20201105,2
2,20201106,2
2,20201107,2
2,20201109,2
2,20201110,2
2,20201111,2
2,20201112,2
2,20201113,2
2,20201114,2
21,20191224,2
21,20200101,2
21,20200102,2
21,20200103,2
21,20200203,2
21,20200204,2
21,20200205,2
21,20200206,2
21,20200207,2
21,20200210,2
21,20200211,2
21,20200212,2
21,20200213,2
21,20200214,2
21,20200302,2
21,20200501,2
21,20200508,2
21,20200706,2
21,20200707,2
21,20200708,2
21,20200709,2
21,20200710,2
21,20200713,2
21,20200714,2
21,20200715,2
21,20200716,2
21,20200717,2
21,20200720,2
21,20200721,2
21,20200722,2
21,20200723,2
21,20200724,2
21,20200727,2
21,20200728,2
21,20200729,2
21,20200730,2
21,20200731,2
21,20200803,2
21,20200804,2
21,20200805,2
21,20200806,2
21,20200807,2
21,20200810,2
21,20200811,2
21,20200812,2
21,20200813,2
21,20200814,2
21,20200817,2
21,20200818,2
21,20200819,2
21,20200820,2
21,20200821,2
21,20200824,2
21,20200825,2
21,20200826,2
21,20200827,2
21,20200828,2
21,20200831,2
21,20200901,2
21,20200902,2
21,20200903,2
21,20200904,2
21,20200907,2
21,20200908,2
21,20200909,2
21,20200910,2
21,20200911,2
21,20200914,2
21,20200915,2
21,20200916,2
21,20200917,2
21,20200918,2
21,20200921,2
21,20200922,2
21,20200923,2
21,20200924,2
21,20200925,2
21,20200928,2
21,20200929,2
21,20200930,2
21,20201001,2
21,20201002,2
21,20201005,2
21,20201006,2
21,20201007,2
21,20201008,2
21,20201009,2
21,20201012,2
21,20201013,2
21,20201014,2
21,20201015,2
21,20201016,2
21,20201019,2
21,20201020,2
21,20201021,2
21,20201022,2
21,20201023,2
21,20201026,2
21,20201027,2
21,20201028,2
21,20201029,2
21,20201030,2
21,20201102,2
21,20201103,2
21,20201104,2
21,20201105,2
21,20201106,2
21,20201109,2
21,20201110,2
21,20201111,2
21,20201112,2
21,20201113,2
23,20191225,2
23,20200101,2
23,20200701,2
23,20200708,2
23,20200715,2
23,20200722,2
23,20200729,2
23,20200805,2
23,20200812,2
23,20200819,2
23,20200826,2
23,20200902,2
23,20200909,2
23,20200916,2
23,20200923,2
23,20200930,2
23,20201007,2
23,20201014,2
23,20201021,2
23,20201028,2
23,20201104,2
23,20201111,2
26,20191223,2
26,20191224,2
26,20191226,2
26,20191227,2
26,20191230,2
26,20191231,2
26,20200102,2
26,20200103,2
26,20200203,2
26,20200204,2
26,20200206,2
26,20200207,2
26,20200210,2
26,20200211,2
26,20200213,2
26,20200214,2
26,20200302,2
26,20200501,2
26,20200508,2
26,20200706,2
26,20200707,2
26,20200709,2
26,20200710,2
26,20200713,2
26,20200714,2
26,20200716,2
26,20200717,2
26,20200720,2
26,20200721,2
26,20200723,2
26,20200724,2
26,20200727,2
26,20200728,2
26,20200730,2
26,20200731,2
26,20200803,2
26,20200804,2
26,20200806,2
26,20200807,2
26,20200810,2
26,20200811,2
26,20200813,2
26,20200814,2
26,20200817,2
26,20200818,2
26,20200820,2
26,20200821,2
26,20200824,2
26,20200825,2
26,20200827,2
26,20200828,2
26,20200831,2
26,20200901,2
26,20200903,2
26,20200904,2
26,20200907,2
26,20200908,2
26,20200910,2
26,20200911,2
26,20200914,2
26,20200915,2
26,20200917,2
26,20200918,2
26,20200921,2
26,20200922,2
26,20200924,2
26,20200925,2
26,20200928,2
26,20200929,2
26,20201001,2
26,20201002,2
26,20201005,2
26,20201006,2
26,20201008,2
26,20201009,2
26,20201012,2
26,20201013,2
26,20201015,2
26,20201016,2
26,20201019,2
26,20201020,2
26,20201022,2
26,20201023,2
26,20201026,2
26,20201027,2
26,20201029,2
26,20201030,2
26,20201102,2
26,20201103,2
26,20201105,2
26,20201106,2
26,20201109,2
26,20201110,2
26,20201112,2
26,20201113,2
27,20191116,2
27,20191123,2
27,20191130,2
27,20191207,2
27,20191214,2
27,20191221,2
27,20191223,2
27,20191224,2
27,20191225,2
27,20191226,2
27,20191227,2
27,20191228,2
27,20191230,2
27,20191231,2
27,20200101,2
27,20200102,2
27,20200103,2
27,20200104,2
27,20200111,2
27,20200118,2
27,20200125,2
27,20200201,2
27,20200203,2
27,20200204,2
27,20200205,2
27,20200206,2
27,20200207,2
27,20200208,2
27,20200210,2
27,20200211,2
27,20200212,2
27,20200213,2
27,20200214,2
27,20200215,2
27,20200222,2
27,20200229,2
27,20200302,2
27,20200307,2
27,20200314,2
27,20200321,2
27,20200328,2
27,20200404,2
27,20200411,2
27,20200418,2
27,20200425,2
27,20200501,2
27,20200502,2
27,20200508,2
27,20200509,2
27,20200516,2
27,20200523,2
27,20200530,2
27,20200606,2
27,20200613,2
27,20200620,2
27,20200627,2
27,20200704,2
27,20200706,2
27,20200707,2
27,20200708,2
27,20200709,2
27,20200710,2
27,20200711,2
27,20200713,2
27,20200714,2
27,20200715,2
27,20200716,2
27,20200717,2
27,20200718,2
27,20200720,2
27,20200721,2
27,20200722,2
27,20200723,2
27,20200724,2
27,20200725,2
27,20200727,2
27,20200728,2
27,20200729,2
27,20200730,2
27,20200731,2
27,20200801,2
27,20200803,2
27,20200804,2
27,20200805,2
27,20200806,2
27,20200807,2
27,20200808,2
27,20200810,2
27,20200811,2
27,20200812,2
27,20200813,2
27,20200814,2
27,20200815,2
27,20200817,2
27,20200818,2
27,20200819,2
27,20200820,2
27,20200821,2
27,20200822,2
27,20200824,2
27,20200825,2
27,20200826,2
27,20200827,2
27,20200828,2
27,20200829,2
27,20200831,2
27,20200901,2
27,20200902,2
27,20200903,2
27,20200904,2
27,20200905,2
27,20200907,2
27,20200908,2
27,20200909,2
27,20200910,2
27,20200911,2
27,20200912,2
27,20200914,2
27,20200915,2
27,20200916,2
27,20200917,2
27,20200918,2
27,20200919,2
27,20200921,2
27,20200922,2
27,20200923,2
27,20200924,2
27,20200925,2
27,20200926,2
27,20200928,2
27,20200929,2
27,20200930,2
27,20201001,2
27,20201002,2
27,20201003,2
27,20201005,2
27,20201006,2
27,20201007,2
27,20201008,2
27,20201009,2
27,20201010,2
27,20201012,2
27,20201013,2
27,20201014,2
27,20201015,2
27,20201016,2
27,20201017,2
27,20201019,2
27,20201020,2
27,20201021,2
27,20201022,2
27,20201023,2
27,20201024,2
27,20201026,2
27,20201027,2
27,20201028,2
27,20201029,2
27,20201030,2
27,20201031,2
27,20201102,2
27,20201103,2
27,20201104,2
27,20201105,2
27,20201106,2
27,20201107,2
27,20201109,2
27,20201110,2
27,20201111,2
27,20201112,2
27,20201113,2
27,20201114,2
28,20200101,2
28,20200205,2
28,20200212,2
28,20200708,2
28,20200715,2
28,20200722,2
28,20200729,2
28,20200805,2
28,20200812,2
28,20200819,2
28,20200826,2
28,20200902,2
28,20200909,2
28,20200916,2
28,20200923,2
28,20200930,2
28,20201007,2
28,20201014,2
28,20201021,2
28,20201028,2
28,20201104,2
28,20201111,2
29,20191224,2
29,20200102,2
29,20200103,2
29,20200106,2
29,20200107,2
29,20200109,2
29,20200110,2
29,20200113,2
29,20200114,2
29,20200116,2
29,20200117,2
29,20200120,2
29,20200121,2
29,20200123,2
29,20200124,2
29,20200127,2
29,20200128,2
29,20200130,2
29,20200131,2
29,20200203,2
29,20200204,2
29,20200206,2
29,20200207,2
29,20200210,2
29,20200211,2
29,20200213,2
29,20200214,2
29,20200217,2
29,20200218,2
29,20200220,2
29,20200221,2
29,20200224,2
29,20200225,2
29,20200227,2
29,20200228,2
29,20200302,2
29,20200303,2
29,20200305,2
29,20200306,2
29,20200309,2
29,20200310,2
29,20200312,2
29,20200313,2
29,20200316,2
29,20200317,2
29,20200319,2
29,20200320,2
29,20200323,2
29,20200324,2
29,20200326,2
29,20200327,2
29,20200330,2
29,20200331,2
29,20200402,2
29,20200403,2
29,20200406,2
29,20200407,2
29,20200409,2
29,20200410,2
29,20200413,2
29,20200414,2
29,20200416,2
29,20200417,2
29,20200420,2
29,20200421,2
29,20200423,2
29,20200424,2
29,20200427,2
29,20200428,2
29,20200430,2
29,20200501,2
29,20200504,2
29,20200505,2
29,20200507,2
29,20200508,2
29,20200511,2
29,20200512,2
29,20200514,2
29,20200515,2
29,20200518,2
29,20200519,2
29,20200521,2
29,20200522,2
29,20200525,2
29,20200526,2
29,20200528,2
29,20200529,2
29,20200601,2
29,20200602,2
29,20200604,2
29,20200605,2
29,20200608,2
29,20200609,2
29,20200611,2
29,20200612,2
29,20200615,2
29,20200616,2
29,20200618,2
29,20200619,2
29,20200622,2
29,20200623,2
29,20200625,2
29,20200626,2
29,20200629,2
29,20200630,2
29,20200702,2
29,20200703,2
29,20200706,2
29,20200707,2
29,20200709,2
29,20200710,2
29,20200713,2
29,20200714,2
29,20200716,2
29,20200717,2
29,20200720,2
29,20200721,2
29,20200723,2
29,20200724,2
29,20200727,2
29,20200728,2
29,20200730,2
29,20200731,2
29,20200803,2
29,20200804,2
29,20200806,2
29,20200807,2
29,20200810,2
29,20200811,2
29,20200813,2
29,20200814,2
29,20200817,2
29,20200818,2
29,20200820,2
29,20200821,2
29,20200824,2
29,20200825,2
29,20200827,2
29,20200828,2
29,20200831,2
29,20200901,2
29,20200903,2
29,20200904,2
29,20200907,2
29,20200908,2
29,20200910,2
29,20200911,2
29,20200914,2
29,20200915,2
29,20200917,2
29,20200918,2
29,20200921,2
29,20200922,2
29,20200924,2
29,20200925,2
29,20200928,2
29,20200929,2
29,20201001,2
29,20201002,2
29,20201005,2
29,20201006,2
29,20201008,2
29,20201009,2
29,20201012,2
29,20201013,2
29,20201015,2
29,20201016,2
29,20201019,2
29,20201020,2
29,20201022,2
29,20201023,2
29,20201026,2
29,20201027,2
29,20201029,2
29,20201030,2
29,20201102,2
29,20201103,2
29,20201105,2
29,20201106,2
29,20201109,2
29,20201110,2
29,20201112,2
29,20201113,2
3,20200104,2
3,20200111,2
3,20200118,2
3,20200125,2
3,20200201,2
3,20200208,2
3,20200215,2
3,20200222,2
3,20200229,2
3,20200307,2
3,20200314,2
3,20200321,2
3,20200328,2
3,20200404,2
3,20200411,2
3,20200418,2
3,20200425,2
3,20200502,2
3,20200509,2
3,20200516,2
3,20200523,2
3,20200530,2
3,20200606,2
3,20200613,2
3,20200620,2
3,20200627,2
3,20200704,2
3,20200711,2
3,20200718,2
3,20200725,2
3,20200801,2
3,20200808,2
3,20200815,2
3,20200822,2
3,20200829,2
3,20200905,2
3,20200912,2
3,20200919,2
3,20200926,2
3,20201003,2
3,20201010,2
3,20201017,2
3,20201024,2
3,20201031,2
3,20201107,2
3,20201114,2
30,20191115,2
30,20191118,2
30,20191119,2
30,20191121,2
30,20191122,2
30,20191125,2
30,20191126,2
30,20191128,2
30,20191129,2
30,20191202,2
30,20191203,2
30,20191205,2
30,20191206,2
30,20191209,2
30,20191210,2
30,20191212,2
30,20191213,2
30,20191216,2
30,20191217,2
30,20191219,2
30,20191220,2
30,20191223,2
30,20191224,2
30,20191226,2
30,20191227,2
30,20191230,2
30,20191231,2
30,20200102,2
30,20200103,2
30,20200106,2
30,20200107,2
30,20200109,2
30,20200110,2
30,20200113,2
30,20200114,2
30,20200116,2
30,20200117,2
30,20200120,2
30,20200121,2
30,20200123,2
30,20200124,2
30,20200127,2
30,20200128,2
30,20200130,2
30,20200131,2
30,20200203,2
30,20200204,2
30,20200206,2
30,20200207,2
30,20200210,2
30,20200211,2
30,20200213,2
30,20200214,2
30,20200217,2
30,20200218,2
30,20200220,2
30,20200221,2
30,20200224,2
30,20200225,2
30,20200227,2
30,20200228,2
30,20200302,2
30,20200303,2
30,20200305,2
30,20200306,2
30,20200309,2
30,20200310,2
30,20200312,2
30,20200313,2
30,20200316,2
30,20200317,2
30,20200319,2
30,20200320,2
30,20200323,2
30,20200324,2
30,20200326,2
30,20200327,2
30,20200330,2
30,20200331,2
30,20200402,2
30,20200403,2
30,20200406,2
30,20200407,2
30,20200409,2
30,20200410,2
30,20200413,2
30,20200414,2
30,20200416,2
30,20200417,2
30,20200420,2
30,20200421,2
30,20200423,2
30,20200424,2
30,20200427,2
30,20200428,2
30,20200430,2
30,20200501,2
30,20200504,2
30,20200505,2
30,20200507,2
30,20200508,2
30,20200511,2
30,20200512,2
30,20200514,2
30,20200515,2
30,20200518,2
30,20200519,2
30,20200521,2
30,20200522,2
30,20200525,2
30,20200526,2
30,20200528,2
30,20200529,2
30,20200601,2
30,20200602,2
30,20200604,2
30,20200605,2
30,20200608,2
30,20200609,2
30,20200611,2
30,20200612,2
30,20200615,2
30,20200616,2
30,20200618,2
30,20200619,2
30,20200622,2
30,20200623,2
30,20200625,2
30,20200626,2
30,20200629,2
30,20200630,2
30,20200702,2
30,20200703,2
30,20200706,2
30,20200707,2
31,20200101,2
31,20200205,2
31,20200212,2
32,20191118,2
32,20191119,2
32,20191120,2
32,20191121,2
32,20191125,2
32,20191126,2
32,20191127,2
32,20191128,2
32,20191202,2
32,20191203,2
32,20191204,2
32,20191205,2
32,20191209,2
32,20191210,2
32,20191211,2
32,20191212,2
32,20191216,2
32,20191217,2
32,20191218,2
32,20191219,2
32,20191223,2
32,20191224,2
32,20191225,2
32,20191226,2
32,20191230,2
32,20191231,2
32,20200101,2
32,20200102,2
32,20200103,2
32,20200106,2
32,20200107,2
32,20200108,2
32,20200109,2
32,20200110,2
32,20200113,2
32,20200114,2
32,20200115,2
32,20200116,2
32,20200117,2
32,20200120,2
32,20200121,2
32,20200122,2
32,20200123,2
32,20200124,2
32,20200127,2
32,20200128,2
32,20200129,2
32,20200130,2
32,20200131,2
32,20200203,2
32,20200204,2
32,20200205,2
32,20200206,2
32,20200207,2
32,20200210,2
32,20200211,2
32,20200212,2
32,20200213,2
32,20200214,2
32,20200217,2
32,20200218,2
32,20200219,2
32,20200220,2
32,20200221,2
32,20200224,2
32,20200225,2
32,20200226,2
32,20200227,2
32,20200228,2
32,20200302,2
32,20200303,2
32,20200304,2
32,20200305,2
32,20200306,2
32,20200309,2
32,20200310,2
32,20200311,2
32,20200312,2
32,20200313,2
32,20200316,2
32,20200317,2
32,20200318,2
32,20200319,2
32,20200320,2
32,20200323,2
32,20200324,2
32,20200325,2
32,20200326,2
32,20200327,2
32,20200330,2
32,20200331,2
32,20200401,2
32,20200402,2
32,20200403,2
32,20200406,2
32,20200407,2
32,20200408,2
32,20200409,2
32,20200410,2
32,20200413,2
32,20200414,2
32,20200415,2
32,20200416,2
32,20200417,2
32,20200420,2
32,20200421,2
32,20200422,2
32,20200423,2
32,20200424,2
32,20200427,2
32,20200428,2
32,20200429,2
32,20200430,2
32,20200501,2
32,20200504,2
32,20200505,2
32,20200506,2
32,20200507,2
32,20200508,2
32,20200511,2
32,20200512,2
32,20200513,2
32,20200514,2
32,20200515,2
32,20200518,2
32,20200519,2
32,20200520,2
32,20200521,2
32,20200522,2
32,20200525,2
32,20200526,2
32,20200527,2
32,20200528,2
32,20200529,2
32,20200601,2
32,20200602,2
32,20200603,2
32,20200604,2
32,20200605,2
32,20200608,2
32,20200609,2
32,20200610,2
32,20200611,2
32,20200612,2
32,20200615,2
32,20200616,2
32,20200617,2
32,20200618,2
32,20200619,2
32,20200622,2
32,20200623,2
32,20200624,2
32,20200625,2
32,20200626,2
32,20200629,2
32,20200630,2
32,20200701,2
32,20200702,2
32,20200703,2
32,20200706,2
32,20200707,2
32,20200708,2
32,20200709,2
32,20200710,2
32,20200713,2
32,20200714,2
32,20200715,2
32,20200716,2
32,20200717,2
32,20200720,2
32,20200721,2
32,20200722,2
32,20200723,2
32,20200724,2
32,20200727,2
32,20200728,2
32,20200729,2
32,20200730,2
32,20200731,2
32,20200803,2
32,20200804,2
32,20200805,2
32,20200806,2
32,20200807,2
32,20200810,2
32,20200811,2
32,20200812,2
32,20200813,2
32,20200814,2
32,20200817,2
32,20200818,2
32,20200819,2
32,20200820,2
32,20200821,2
32,20200824,2
32,20200825,2
32,20200826,2
32,20200827,2
32,20200828,2
32,20200831,2
32,20200901,2
32,20200902,2
32,20200903,2
32,20200904,2
32,20200907,2
32,20200908,2
32,20200909,2
32,20200910,2
32,20200911,2
32,20200914,2
32,20200915,2
32,20200916,2
32,20200917,2
32,20200918,2
32,20200921,2
32,20200922,2
32,20200923,2
32,20200924,2
32,20200925,2
32,20200928,2
32,20200929,2
32,20200930,2
32,20201001,2
32,20201002,2
32,20201005,2
32,20201006,2
32,20201007,2
32,20201008,2
32,20201009,2
32,20201012,2
32,20201013,2
32,20201014,2
32,20201015,2
32,20201016,2
32,20201019,2
32,20201020,2
32,20201021,2
32,20201022,2
32,20201023,2
32,20201026,2
32,20201027,2
32,20201028,2
32,20201029,2
32,20201030,2
32,20201102,2
32,20201103,2
32,20201104,2
32,20201105,2
32,20201106,2
32,20201109,2
32,20201110,2
32,20201111,2
32,20201112,2
32,20201113,2
33,20200801,2
33,20200807,2
33,20200808,2
33,20200814,2
33,20200815,2
33,20200821,2
33,20200822,2
33,20200828,2
33,20200829,2
33,20200904,2
33,20200905,2
33,20200911,2
33,20200912,2
33,20200918,2
33,20200919,2
33,20200925,2
33,20200926,2
33,20201002,2
33,20201003,2
33,20201009,2
33,20201010,2
33,20201016,2
33,20201017,2
33,20201023,2
33,20201024,2
33,20201030,2
33,20201031,2
33,20201106,2
33,20201107,2
33,20201113,2
33,20201114,2
34,20191115,2
34,20191116,2
34,20191117,2
34,20191118,2
34,20191119,2
34,20191120,2
34,20191121,2
34,20191122,2
34,20191123,2
34,20191124,2
34,20191125,2
34,20191126,2
34,20191127,2
34,20191128,2
34,20191129,2
34,20191130,2
34,20191201,2
34,20191202,2
34,20191203,2
34,20191204,2
34,20191205,2
34,20191206,2
34,20191207,2
34,20191208,2
34,20191209,2
34,20191210,2
34,20191211,2
34,20191212,2
34,20191213,2
34,20191214,2
34,20191215,2
34,20191216,2
34,20191217,2
34,20191218,2
34,20191219,2
34,20191220,2
34,20191221,2
34,20191222,2
34,20191223,2
34,20191225,2
34,20191226,2
34,20191227,2
34,20191228,2
34,20191229,2
34,20191230,2
34,20191231,2
34,20200101,2
34,20200102,2
34,20200103,2
34,20200104,2
34,20200105,2
34,20200106,2
34,20200107,2
34,20200108,2
34,20200109,2
34,20200110,2
34,20200111,2
34,20200112,2
34,20200113,2
34,20200114,2
34,20200115,2
34,20200116,2
34,20200117,2
34,20200118,2
34,20200119,2
34,20200120,2
34,20200121,2
34,20200122,2
34,20200123,2
34,20200124,2
34,20200125,2
34,20200126,2
34,20200127,2
34,20200128,2
34,20200129,2
34,20200130,2
34,20200131,2
34,20200201,2
34,20200202,2
34,20200203,2
34,20200204,2
34,20200205,2
34,20200206,2
34,20200207,2
34,20200208,2
34,20200209,2
34,20200210,2
34,20200211,2
34,20200212,2
34,20200213,2
34,20200214,2
34,20200215,2
34,20200216,2
34,20200217,2
34,20200218,2
34,20200219,2
34,20200220,2
34,20200221,2
34,20200222,2
34,20200223,2
34,20200224,2
34,20200225,2
34,20200226,2
34,20200227,2
34,20200228,2
34,20200229,2
34,20200301,2
34,20200302,2
34,20200303,2
34,20200304,2
34,20200305,2
34,20200306,2
34,20200307,2
34,20200308,2
34,20200309,2
34,20200310,2
34,20200311,2
34,20200312,2
34,20200313,2
34,20200314,2
34,20200315,2
34,20200316,2
34,20200317,2
34,20200318,2
34,20200319,2
34,20200320,2
34,20200321,2
34,20200322,2
34,20200323,2
34,20200324,2
34,20200325,2
34,20200326,2
34,20200327,2
34,20200328,2
34,20200329,2
34,20200330,2
34,20200331,2
34,20200401,2
34,20200402,2
34,20200403,2
34,20200404,2
34,20200405,2
34,20200406,2
34,20200407,2
34,20200408,2
34,20200409,2
34,20200410,2
34,20200411,2
34,20200412,2
34,20200413,2
34,20200414,2
34,20200415,2
34,20200416,2
34,20200417,2
34,20200418,2
34,20200419,2
34,20200420,2
34,20200421,2
34,20200422,2
34,20200423,2
34,20200424,2
34,20200425,2
34,20200426,2
34,20200427,2
34,20200428,2
34,20200429,2
34,20200430,2
34,20200501,2
34,20200502,2
34,20200503,2
34,20200504,2
34,20200505,2
34,20200506,2
34,20200507,2
34,20200508,2
34,20200509,2
34,20200510,2
34,20200511,2
34,20200512,2
34,20200513,2
34,20200514,2
34,20200515,2
34,20200516,2
34,20200517,2
34,20200518,2
34,20200519,2
34,20200520,2
34,20200521,2
34,20200522,2
34,20200523,2
34,20200524,2
34,20200525,2
34,20200526,2
34,20200527,2
34,20200528,2
34,20200529,2
34,20200530,2
34,20200531,2
34,20200601,2
34,20200602,2
34,20200603,2
34,20200604,2
34,20200605,2
34,20200606,2
34,20200607,2
34,20200608,2
34,20200609,2
34,20200610,2
34,20200611,2
34,20200612,2
34,20200613,2
34,20200614,2
34,20200615,2
34,20200616,2
34,20200617,2
34,20200618,2
34,20200619,2
34,20200620,2
34,20200621,2
34,20200622,2
34,20200623,2
34,20200624,2
34,20200625,2
34,20200626,2
34,20200627,2
34,20200628,2
34,20200629,2
34,20200630,2
34,20200701,2
34,20200702,2
34,20200703,2
34,20200704,2
34,20200705,2
34,20200706,2
34,20200707,2
34,20200708,2
34,20200709,2
34,20200710,2
34,20200711,2
34,20200712,2
34,20200713,2
34,20200714,2
34,20200715,2
34,20200716,2
34,20200717,2
34,20200718,2
34,20200719,2
34,20200720,2
34,20200721,2
34,20200722,2
34,20200723,2
34,20200724,2
34,20200725,2
34,20200726,2
34,20200727,2
34,20200728,2
34,20200729,2
34,20200730,2
34,20200731,2
34,20200801,2
34,20200802,2
34,20200803,2
34,20200804,2
34,20200805,2
34,20200806,2
34,20200807,2
34,20200808,2
34,20200809,2
34,20200810,2
34,20200811,2
34,20200812,2
34,20200813,2
34,20200814,2
34,20200815,2
34,20200816,2
34,20200817,2
34,20200818,2
34,20200819,2
34,20200820,2
34,20200821,2
34,20200822,2
34,20200823,2
34,20200824,2
34,20200825,2
34,20200826,2
34,20200827,2
34,20200828,2
34,20200829,2
34,20200830,2
34,20200831,2
34,20200901,2
34,20200902,2
34,20200903,2
34,20200904,2
34,20200905,2
34,20200906,2
34,20200907,2
34,20200908,2
34,20200909,2
34,20200910,2
34,20200911,2
34,20200912,2
34,20200913,2
34,20200914,2
34,20200915,2
34,20200916,2
34,20200917,2
34,20200918,2
34,20200919,2
34,20200920,2
34,20200921,2
34,20200922,2
34,20200923,2
34,20200924,2
34,20200925,2
34,20200926,2
34,20200927,2
34,20200928,2
34,20200929,2
34,20200930,2
34,20201001,2
34,20201002,2
34,20201003,2
34,20201004,2
34,20201005,2
34,20201006,2
34,20201007,2
34,20201008,2
34,20201009,2
34,20201010,2
34,20201011,2
34,20201012,2
34,20201013,2
34,20201014,2
34,20201015,2
34,20201016,2
34,20201017,2
34,20201018,2
34,20201019,2
34,20201020,2
34,20201021,2
34,20201022,2
34,20201023,2
34,20201024,2
34,20201025,2
34,20201026,2
34,20201027,2
34,20201028,2
34,20201029,2
34,20201030,2
34,20201031,2
34,20201101,2
34,20201102,2
34,20201103,2
34,20201104,2
34,20201105,2
34,20201106,2
34,20201107,2
34,20201108,2
34,20201109,2
34,20201110,2
34,20201111,2
34,20201112,2
34,20201113,2
34,20201114,2
35,20200101,2
35,20200102,2
35,20200103,2
35,20200104,2
35,20200105,2
35,20200106,2
35,20200107,2
35,20200108,2
35,20200109,2
35,20200110,2
35,20200111,2
35,20200112,2
35,20200113,2
35,20200114,2
35,20200115,2
35,20200116,2
35,20200117,2
35,20200118,2
35,20200119,2
35,20200120,2
35,20200121,2
35,20200122,2
35,20200123,2
35,20200124,2
35,20200125,2
35,20200126,2
35,20200127,2
35,20200128,2
35,20200129,2
35,20200130,2
35,20200131,2
35,20200201,2
35,20200202,2
35,20200203,2
35,20200204,2
35,20200205,2
35,20200206,2
35,20200207,2
35,20200208,2
35,20200209,2
35,20200210,2
35,20200211,2
35,20200212,2
35,20200213,2
35,20200214,2
35,20200215,2
35,20200216,2
35,20200217,2
35,20200218,2
35,20200219,2
35,20200220,2
35,20200221,2
35,20200222,2
35,20200223,2
35,20200224,2
35,20200225,2
35,20200226,2
35,20200227,2
35,20200228,2
35,20200229,2
35,20200301,2
35,20200302,2
35,20200303,2
35,20200304,2
35,20200305,2
35,20200306,2
35,20200307,2
35,20200308,2
35,20200309,2
35,20200310,2
35,20200311,2
35,20200312,2
35,20200313,2
35,20200314,2
35,20200315,2
35,20200316,2
35,20200317,2
35,20200318,2
35,20200319,2
35,20200320,2
35,20200321,2
35,20200322,2
35,20200323,2
35,20200324,2
35,20200325,2
35,20200326,2
35,20200327,2
35,20200328,2
35,20200329,2
35,20200330,2
35,20200331,2
35,20200401,2
35,20200402,2
35,20200403,2
35,20200404,2
35,20200405,2
35,20200406,2
35,20200407,2
35,20200408,2
35,20200409,2
35,20200410,2
35,20200411,2
35,20200412,2
35,20200413,2
35,20200414,2
35,20200415,2
35,20200416,2
35,20200417,2
35,20200418,2
35,20200419,2
35,20200420,2
35,20200421,2
35,20200422,2
35,20200423,2
35,20200424,2
35,20200425,2
35,20200426,2
35,20200427,2
35,20200428,2
35,20200429,2
35,20200430,2
35,20200501,2
35,20200502,2
35,20200503,2
35,20200504,2
35,20200505,2
35,20200506,2
35,20200507,2
35,20200508,2
35,20200509,2
35,20200510,2
35,20200511,2
35,20200512,2
35,20200513,2
35,20200514,2
35,20200515,2
35,20200516,2
35,20200517,2
35,20200518,2
35,20200519,2
35,20200520,2
35,20200521,2
35,20200522,2
35,20200523,2
35,20200524,2
35,20200525,2
35,20200526,2
35,20200527,2
35,20200528,2
35,20200529,2
35,20200530,2
35,20200531,2
35,20200601,2
35,20200602,2
35,20200603,2
35,20200604,2
35,20200605,2
35,20200606,2
35,20200607,2
35,20200608,2
35,20200609,2
35,20200610,2
35,20200611,2
35,20200612,2
35,20200613,2
35,20200614,2
35,20200615,2
35,20200616,2
35,20200617,2
35,20200618,2
35,20200619,2
35,20200620,2
35,20200621,2
35,20200622,2
35,20200623,2
35,20200624,2
35,20200625,2
35,20200626,2
35,20200627,2
35,20200628,2
35,20200629,2
35,20200630,2
35,20200701,2
35,20200702,2
35,20200703,2
35,20200704,2
35,20200705,2
35,20200706,2
35,20200707,2
35,20200708,2
35,20200709,2
35,20200710,2
35,20200711,2
35,20200712,2
35,20200713,2
35,20200714,2
35,20200715,2
35,20200716,2
35,20200717,2
35,20200718,2
35,20200719,2
35,20200720,2
35,20200721,2
35,20200722,2
35,20200723,2
35,20200724,2
35,20200725,2
35,20200726,2
35,20200727,2
35,20200728,2
35,20200729,2
35,20200730,2
35,20200731,2
35,20200801,2
35,20200802,2
35,20200803,2
35,20200804,2
35,20200805,2
35,20200806,2
35,20200807,2
35,20200808,2
35,20200809,2
35,20200810,2
35,20200811,2
35,20200812,2
35,20200813,2
35,20200814,2
35,20200815,2
35,20200816,2
35,20200817,2
35,20200818,2
35,20200819,2
35,20200820,2
35,20200821,2
35,20200822,2
35,20200823,2
35,20200824,2
35,20200825,2
35,20200826,2
35,20200827,2
35,20200828,2
35,20200829,2
35,20200830,2
35,20200831,2
35,20200901,2
35,20200902,2
35,20200903,2
35,20200904,2
35,20200905,2
35,20200906,2
35,20200907,2
35,20200908,2
35,20200909,2
35,20200910,2
35,20200911,2
35,20200912,2
35,20200913,2
35,20200914,2
35,20200915,2
35,20200916,2
35,20200917,2
35,20200918,2
35,20200919,2
35,20200920,2
35,20200921,2
35,20200922,2
35,20200923,2
35,20200924,2
35,20200925,2
35,20200926,2
35,20200927,2
35,20200928,2
35,20200929,2
35,20200930,2
35,20201001,2
35,20201002,2
35,20201003,2
35,20201004,2
35,20201005,2
35,20201006,2
35,20201007,2
35,20201008,2
35,20201009,2
35,20201010,2
35,20201011,2
35,20201012,2
35,20201013,2
35,20201014,2
35,20201015,2
35,20201016,2
35,20201017,2
35,20201018,2
35,20201019,2
35,20201020,2
35,20201021,2
35,20201022,2
35,20201023,2
35,20201024,2
35,20201025,2
35,20201026,2
35,20201027,2
35,20201028,2
35,20201029,2
35,20201030,2
35,20201031,2
35,20201101,2
35,20201102,2
35,20201103,2
35,20201104,2
35,20201105,2
35,20201106,2
35,20201107,2
35,20201108,2
35,20201109,2
35,20201110,2
35,20201111,2
35,20201112,2
35,20201113,2
35,20201114,2
36,20200101,2
36,20200106,2
36,20200107,2
36,20200108,2
36,20200109,2
36,20200110,2
36,20200113,2
36,20200114,2
36,20200115,2
36,20200116,2
36,20200117,2
36,20200120,2
36,20200121,2
36,20200122,2
36,20200123,2
36,20200124,2
36,20200127,2
36,20200128,2
36,20200129,2
36,20200130,2
36,20200131,2
36,20200203,2
36,20200204,2
36,20200205,2
36,20200206,2
36,20200207,2
36,20200210,2
36,20200211,2
36,20200212,2
36,20200213,2
36,20200214,2
36,20200302,2
36,20200303,2
36,20200304,2
36,20200305,2
36,20200306,2
36,20200309,2
36,20200310,2
36,20200311,2
36,20200312,2
36,20200313,2
36,20200316,2
36,20200317,2
36,20200318,2
36,20200319,2
36,20200320,2
36,20200323,2
36,20200324,2
36,20200325,2
36,20200326,2
36,20200327,2
36,20200330,2
36,20200331,2
36,20200401,2
36,20200402,2
36,20200403,2
36,20200406,2
36,20200407,2
36,20200408,2
36,20200409,2
36,20200410,2
36,20200427,2
36,20200428,2
36,20200429,2
36,20200430,2
36,20200501,2
36,20200504,2
36,20200505,2
36,20200506,2
36,20200507,2
36,20200508,2
36,20200511,2
36,20200512,2
36,20200513,2
36,20200514,2
36,20200515,2
36,20200518,2
36,20200519,2
36,20200520,2
36,20200521,2
36,20200522,2
36,20200525,2
36,20200526,2
36,20200527,2
36,20200528,2
36,20200529,2
36,20200601,2
36,20200602,2
36,20200603,2
36,20200604,2
36,20200605,2
36,20200608,2
36,20200609,2
36,20200610,2
36,20200611,2
36,20200612,2
36,20200615,2
36,20200616,2
36,20200617,2
36,20200618,2
36,20200619,2
36,20200622,2
36,20200623,2
36,20200624,2
36,20200625,2
36,20200626,2
36,20200629,2
36,20200630,2
36,20200701,2
36,20200702,2
36,20200703,2
36,20200706,2
36,20200707,2
36,20200708,2
36,20200709,2
36,20200710,2
36,20200713,2
36,20200714,2
36,20200715,2
36,20200716,2
36,20200717,2
36,20200720,2
36,20200721,2
36,20200722,2
36,20200723,2
36,20200724,2
36,20200727,2
36,20200728,2
36,20200729,2
36,20200730,2
36,20200731,2
36,20200803,2
36,20200804,2
36,20200805,2
36,20200806,2
36,20200807,2
36,20200810,2
36,20200811,2
36,20200812,2
36,20200813,2
36,20200814,2
36,20200817,2
36,20200818,2
36,20200819,2
36,20200820,2
36,20200821,2
36,20200824,2
36,20200825,2
36,20200826,2
36,20200827,2
36,20200828,2
36,20200831,2
36,20200901,2
36,20200902,2
36,20200903,2
36,20200904,2
36,20200907,2
36,20200908,2
36,20200909,2
36,20200910,2
36,20200911,2
36,20200914,2
36,20200915,2
36,20200916,2
36,20200917,2
36,20200918,2
36,20200921,2
36,20200922,2
36,20200923,2
36,20200924,2
36,20200925,2
36,20200928,2
36,20200929,2
36,20200930,2
36,20201001,2
36,20201002,2
36,20201005,2
36,20201006,2
36,20201007,2
36,20201008,2
36,20201009,2
36,20201012,2
36,20201013,2
36,20201014,2
36,20201015,2
36,20201016,2
36,20201019,2
36,20201020,2
36,20201021,2
36,20201022,2
36,20201023,2
36,20201026,2
36,20201027,2
36,20201028,2
36,20201029,2
36,20201030,2
36,20201102,2
36,20201103,2
36,20201104,2
36,20201105,2
36,20201106,2
36,20201109,2
36,20201110,2
36,20201111,2
36,20201112,2
36,20201113,2
37,20200101,2
37,20200203,2
37,20200204,2
37,20200205,2
37,20200206,2
37,20200207,2
37,20200210,2
37,20200211,2
37,20200212,2
37,20200213,2
37,20200214,2
37,20200302,2
37,20200501,2
37,20200508,2
37,20200706,2
37,20200707,2
37,20200708,2
37,20200709,2
37,20200710,2
37,20200713,2
37,20200714,2
37,20200715,2
37,20200716,2
37,20200717,2
37,20200720,2
37,20200721,2
37,20200722,2
37,20200723,2
37,20200724,2
37,20200727,2
37,20200728,2
37,20200729,2
37,20200730,2
37,20200731,2
37,20200803,2
37,20200804,2
37,20200805,2
37,20200806,2
37,20200807,2
37,20200810,2
37,20200811,2
37,20200812,2
37,20200813,2
37,20200814,2
37,20200817,2
37,20200818,2
37,20200819,2
37,20200820,2
37,20200821,2
37,20200824,2
37,20200825,2
37,20200826,2
37,20200827,2
37,20200828,2
37,20200831,2
37,20200901,2
37,20200902,2
37,20200903,2
37,20200904,2
37,20200907,2
37,20200908,2
37,20200909,2
37,20200910,2
37,20200911,2
37,20200914,2
37,20200915,2
37,20200916,2
37,20200917,2
37,20200918,2
37,20200921,2
37,20200922,2
37,20200923,2
37,20200924,2
37,20200925,2
37,20200928,2
37,20200929,2
37,20200930,2
37,20201001,2
37,20201002,2
37,20201005,2
37,20201006,2
37,20201007,2
37,20201008,2
37,20201009,2
37,20201012,2
37,20201013,2
37,20201014,2
37,20201015,2
37,20201016,2
37,20201019,2
37,20201020,2
37,20201021,2
37,20201022,2
37,20201023,2
37,20201026,2
37,20201027,2
37,20201028,2
37,20201029,2
37,20201030,2
37,20201102,2
37,20201103,2
37,20201104,2
37,20201105,2
37,20201106,2
37,20201109,2
37,20201110,2
37,20201111,2
37,20201112,2
37,20201113,2
38,20200101,2
38,20200108,2
38,20200115,2
38,20200122,2
38,20200129,2
38,20200205,2
38,20200212,2
38,20200219,2
38,20200226,2
38,20200304,2
38,20200311,2
38,20200318,2
38,20200325,2
38,20200401,2
38,20200408,2
38,20200415,2
38,20200422,2
38,20200429,2
38,20200506,2
38,20200513,2
38,20200520,2
38,20200527,2
38,20200603,2
38,20200610,2
38,20200617,2
38,20200624,2
38,20200701,2
38,20200708,2
38,20200715,2
38,20200722,2
38,20200729,2
38,20200805,2
38,20200812,2
38,20200819,2
38,20200826,2
38,20200902,2
38,20200909,2
38,20200916,2
38,20200923,2
38,20200930,2
38,20201007,2
38,20201014,2
38,20201021,2
38,20201028,2
38,20201104,2
38,20201111,2
4,20200105,2
4,20200112,2
4,20200119,2
4,20200126,2
4,20200202,2
4,20200209,2
4,20200216,2
4,20200223,2
4,20200301,2
4,20200308,2
4,20200315,2
4,20200322,2
4,20200329,2
4,20200405,2
4,20200412,2
4,20200419,2
4,20200426,2
4,20200503,2
4,20200510,2
4,20200517,2
4,20200524,2
4,20200531,2
4,20200607,2
4,20200614,2
4,20200621,2
4,20200628,2
4,20200705,2
4,20200712,2
4,20200719,2
4,20200726,2
4,20200802,2
4,20200809,2
4,20200816,2
4,20200823,2
4,20200830,2
4,20200906,2
4,20200913,2
4,20200920,2
4,20200927,2
4,20201004,2
4,20201011,2
4,20201018,2
4,20201025,2
4,20201101,2
4,20201108,2
40,20200101,2
40,20200104,2
40,20200106,2
40,20200108,2
40,20200111,2
40,20200113,2
40,20200115,2
40,20200118,2
40,20200120,2
40,20200122,2
40,20200125,2
40,20200127,2
40,20200129,2
40,20200201,2
40,20200203,2
40,20200205,2
40,20200208,2
40,20200210,2
40,20200212,2
40,20200215,2
40,20200217,2
40,20200219,2
40,20200222,2
40,20200224,2
40,20200226,2
40,20200229,2
40,20200302,2
40,20200304,2
40,20200307,2
40,20200309,2
40,20200311,2
40,20200314,2
40,20200316,2
40,20200318,2
40,20200321,2
40,20200323,2
40,20200325,2
40,20200328,2
40,20200330,2
40,20200401,2
40,20200404,2
40,20200406,2
40,20200408,2
40,20200411,2
40,20200413,2
40,20200415,2
40,20200418,2
40,20200420,2
40,20200422,2
40,20200425,2
40,20200427,2
40,20200429,2
40,20200502,2
40,20200504,2
40,20200506,2
40,20200509,2
40,20200511,2
40,20200513,2
40,20200516,2
40,20200518,2
40,20200520,2
40,20200523,2
40,20200525,2
40,20200527,2
40,20200530,2
40,20200601,2
40,20200603,2
40,20200606,2
40,20200608,2
40,20200610,2
40,20200613,2
40,20200615,2
40,20200617,2
40,20200620,2
40,20200622,2
40,20200624,2
40,20200627,2
40,20200629,2
40,20200701,2
40,20200704,2
40,20200706,2
40,20200708,2
40,20200711,2
40,20200713,2
40,20200715,2
40,20200718,2
40,20200720,2
40,20200722,2
40,20200725,2
40,20200727,2
40,20200729,2
40,20200801,2
40,20200803,2
40,20200805,2
40,20200808,2
40,20200810,2
40,20200812,2
40,20200815,2
40,20200817,2
40,20200819,2
40,20200822,2
40,20200824,2
40,20200826,2
40,20200829,2
40,20200831,2
40,20200902,2
40,20200905,2
40,20200907,2
40,20200909,2
40,20200912,2
40,20200914,2
40,20200916,2
40,20200919,2
40,20200921,2
40,20200923,2
40,20200926,2
40,20200928,2
40,20200930,2
40,20201003,2
40,20201005,2
40,20201007,2
40,20201010,2
40,20201012,2
40,20201014,2
40,20201017,2
40,20201019,2
40,20201021,2
40,20201024,2
40,20201026,2
40,20201028,2
40,20201031,2
40,20201102,2
40,20201104,2
40,20201107,2
40,20201109,2
40,20201111,2
40,20201114,2
41,20191118,2
41,20191120,2
41,20191125,2
41,20191127,2
41,20191202,2
41,20191204,2
41,20191209,2
41,20191211,2
41,20191216,2
41,20191218,2
41,20191223,2
41,20191225,2
41,20191230,2
41,20200101,2
41,20200104,2
41,20200106,2
41,20200108,2
41,20200111,2
41,20200113,2
41,20200115,2
41,20200118,2
41,20200120,2
41,20200122,2
41,20200125,2
41,20200127,2
41,20200129,2
41,20200201,2
41,20200203,2
41,20200205,2
41,20200208,2
41,20200210,2
41,20200212,2
41,20200215,2
41,20200217,2
41,20200219,2
41,20200222,2
41,20200224,2
41,20200226,2
41,20200229,2
41,20200302,2
41,20200304,2
41,20200307,2
41,20200309,2
41,20200311,2
41,20200314,2
41,20200316,2
41,20200318,2
41,20200321,2
41,20200323,2
41,20200325,2
41,20200328,2
41,20200330,2
41,20200401,2
41,20200404,2
41,20200406,2
41,20200408,2
41,20200411,2
41,20200413,2
41,20200415,2
41,20200418,2
41,20200420,2
41,20200422,2
41,20200425,2
41,20200427,2
41,20200429,2
41,20200502,2
41,20200504,2
41,20200506,2
41,20200509,2
41,20200511,2
41,20200513,2
41,20200516,2
41,20200518,2
41,20200520,2
41,20200523,2
41,20200525,2
41,20200527,2
41,20200530,2
41,20200601,2
41,20200603,2
41,20200606,2
41,20200608,2
41,20200610,2
41,20200613,2
41,20200615,2
41,20200617,2
41,20200620,2
41,20200622,2
41,20200624,2
41,20200627,2
41,20200629,2
41,20200701,2
41,20200704,2
41,20200706,2
41,20200708,2
41,20200711,2
41,20200713,2
41,20200715,2
41,20200718,2
41,20200720,2
41,20200722,2
41,20200725,2
41,20200727,2
41,20200729,2
41,20200801,2
41,20200803,2
41,20200805,2
41,20200808,2
41,20200810,2
41,20200812,2
41,20200815,2
41,20200817,2
41,20200819,2
41,20200822,2
41,20200824,2
41,20200826,2
41,20200829,2
41,20200831,2
41,20200902,2
41,20200905,2
41,20200907,2
41,20200909,2
41,20200912,2
41,20200914,2
41,20200916,2
41,20200919,2
41,20200921,2
41,20200923,2
41,20200926,2
41,20200928,2
41,20200930,2
41,20201003,2
41,20201005,2
41,20201007,2
41,20201010,2
41,20201012,2
41,20201014,2
41,20201017,2
41,20201019,2
41,20201021,2
41,20201024,2
41,20201026,2
41,20201028,2
41,20201031,2
41,20201102,2
41,20201104,2
41,20201107,2
41,20201109,2
41,20201111,2
41,20201114,2
42,20191115,2
42,20191116,2
42,20191117,2
42,20191118,2
42,20191119,2
42,20191120,2
42,20191121,2
42,20191122,2
42,20191123,2
42,20191124,2
42,20191125,2
42,20191126,2
42,20191127,2
42,20191128,2
42,20191129,2
42,20191130,2
42,20191201,2
42,20191202,2
42,20191203,2
42,20191204,2
42,20191205,2
42,20191206,2
42,20191207,2
42,20191208,2
42,20191209,2
42,20191210,2
42,20191211,2
42,20191212,2
42,20191213,2
42,20191214,2
42,20191215,2
42,20191216,2
42,20191217,2
42,20191218,2
42,20191219,2
42,20191220,2
42,20191225,2
42,20200310,2
42,20200311,2
42,20200312,2
42,20200313,2
42,20200316,2
42,20200317,2
42,20200318,2
42,20200319,2
42,20200320,2
42,20200323,2
42,20200324,2
42,20200325,2
42,20200326,2
42,20200327,2
42,20200330,2
42,20200331,2
42,20200401,2
42,20200402,2
42,20200403,2
42,20200406,2
42,20200407,2
42,20200408,2
42,20200409,2
42,20200410,2
42,20200413,2
42,20200414,2
42,20200415,2
42,20200416,2
42,20200417,2
42,20200420,2
42,20200421,2
42,20200422,2
42,20200423,2
42,20200424,2
42,20200427,2
42,20200428,2
42,20200429,2
42,20200430,2
42,20200501,2
42,20200504,2
42,20200505,2
42,20200506,2
42,20200507,2
42,20200508,2
42,20200511,2
42,20200512,2
42,20200513,2
42,20200514,2
42,20200515,2
42,20200518,2
42,20200519,2
42,20200520,2
42,20200521,2
42,20200522,2
42,20200525,2
42,20200526,2
42,20200527,2
42,20200528,2
42,20200529,2
42,20200601,2
42,20200602,2
42,20200603,2
42,20200604,2
42,20200605,2
42,20200608,2
42,20200609,2
42,20200610,2
42,20200611,2
42,20200612,2
42,20200615,2
42,20200616,2
42,20200617,2
42,20200618,2
42,20200619,2
42,20200622,2
42,20200623,2
42,20200624,2
42,20200625,2
42,20200626,2
42,20200629,2
42,20200630,2
42,20200701,2
42,20200702,2
42,20200703,2
42,20200706,2
42,20200707,2
42,20200708,2
42,20200709,2
42,20200710,2
42,20200713,2
42,20200714,2
42,20200715,2
42,20200716,2
42,20200717,2
42,20200720,2
42,20200721,2
42,20200722,2
42,20200723,2
42,20200724,2
42,20200727,2
42,20200728,2
42,20200729,2
42,20200730,2
42,20200731,2
42,20200803,2
42,20200804,2
42,20200805,2
42,20200806,2
42,20200807,2
42,20200810,2
42,20200811,2
42,20200812,2
42,20200813,2
42,20200814,2
42,20200817,2
42,20200818,2
42,20200819,2
42,20200820,2
42,20200821,2
42,20200824,2
42,20200825,2
42,20200826,2
42,20200827,2
42,20200828,2
42,20200831,2
42,20200901,2
42,20200902,2
42,20200903,2
42,20200904,2
42,20200907,2
42,20200908,2
42,20200909,2
42,20200910,2
42,20200911,2
42,20200914,2
42,20200915,2
42,20200916,2
42,20200917,2
42,20200918,2
42,20200921,2
42,20200922,2
42,20200923,2
42,20200924,2
42,20200925,2
42,20200928,2
42,20200929,2
42,20200930,2
42,20201001,2
42,20201002,2
42,20201005,2
42,20201006,2
42,20201007,2
42,20201008,2
42,20201009,2
42,20201012,2
42,20201013,2
42,20201014,2
42,20201015,2
42,20201016,2
42,20201019,2
42,20201020,2
42,20201021,2
42,20201022,2
42,20201023,2
42,20201026,2
42,20201027,2
42,20201028,2
42,20201029,2
42,20201030,2
42,20201102,2
42,20201103,2
42,20201104,2
42,20201105,2
42,20201106,2
42,20201109,2
42,20201110,2
42,20201111,2
42,20201112,2
42,20201113,2
43,20191116,2
43,20191120,2
43,20191123,2
43,20191127,2
43,20191130,2
43,20191204,2
43,20191207,2
43,20191211,2
43,20191214,2
43,20191218,2
43,20191225,2
43,20200101,2
43,20200108,2
43,20200111,2
43,20200115,2
43,20200118,2
43,20200122,2
43,20200125,2
43,20200129,2
43,20200201,2
43,20200205,2
43,20200208,2
43,20200215,2
43,20200219,2
43,20200226,2
43,20200304,2
43,20200311,2
43,20200314,2
43,20200318,2
43,20200321,2
43,20200325,2
43,20200328,2
43,20200401,2
43,20200404,2
43,20200408,2
43,20200411,2
43,20200415,2
43,20200418,2
43,20200422,2
43,20200425,2
43,20200429,2
43,20200502,2
43,20200506,2
43,20200509,2
43,20200513,2
43,20200516,2
43,20200520,2
43,20200523,2
43,20200527,2
43,20200530,2
43,20200603,2
43,20200606,2
43,20200610,2
43,20200613,2
43,20200617,2
43,20200620,2
43,20200624,2
43,20200627,2
43,20200701,2
43,20200704,2
43,20200708,2
43,20200711,2
43,20200715,2
43,20200718,2
43,20200722,2
43,20200725,2
43,20200729,2
43,20200801,2
43,20200805,2
43,20200808,2
43,20200812,2
43,20200815,2
43,20200819,2
43,20200822,2
43,20200826,2
43,20200829,2
43,20200902,2
43,20200905,2
43,20200909,2
43,20200912,2
43,20200916,2
43,20200919,2
43,20200923,2
43,20200926,2
43,20200930,2
43,20201003,2
43,20201007,2
43,20201010,2
43,20201014,2
43,20201017,2
43,20201021,2
43,20201024,2
43,20201028,2
43,20201031,2
43,20201104,2
43,20201107,2
43,20201111,2
43,20201114,2
44,20191225,2
44,20200101,2
44,20200108,2
44,20200111,2
44,20200115,2
44,20200118,2
44,20200122,2
44,20200125,2
44,20200129,2
44,20200201,2
44,20200205,2
44,20200208,2
44,20200215,2
44,20200219,2
44,20200226,2
44,20200304,2
44,20200311,2
44,20200314,2
44,20200318,2
44,20200321,2
44,20200325,2
44,20200328,2
44,20200401,2
44,20200404,2
44,20200408,2
44,20200411,2
44,20200415,2
44,20200418,2
44,20200422,2
44,20200425,2
44,20200429,2
44,20200502,2
44,20200506,2
44,20200509,2
44,20200513,2
44,20200516,2
44,20200520,2
44,20200523,2
44,20200527,2
44,20200530,2
44,20200603,2
44,20200606,2
44,20200610,2
44,20200613,2
44,20200617,2
44,20200620,2
44,20200624,2
44,20200627,2
44,20200701,2
44,20200704,2
44,20200708,2
44,20200711,2
44,20200715,2
44,20200718,2
44,20200722,2
44,20200725,2
44,20200729,2
44,20200801,2
44,20200805,2
44,20200808,2
44,20200812,2
44,20200815,2
44,20200819,2
44,20200822,2
44,20200826,2
44,20200829,2
44,20200902,2
44,20200905,2
44,20200909,2
44,20200912,2
44,20200916,2
44,20200919,2
44,20200923,2
44,20200926,2
44,20200930,2
44,20201003,2
44,20201007,2
44,20201010,2
44,20201014,2
44,20201017,2
44,20201021,2
44,20201024,2
44,20201028,2
44,20201031,2
44,20201104,2
44,20201107,2
44,20201111,2
44,20201114,2
44,20201118,2
44,20201121,2
44,20201125,2
44,20201128,2
44,20201202,2
44,20201205,2
44,20201209,2
44,20201212,2
44,20201216,2
44,20201219,2
45,20191224,2
45,20200101,2
45,20200102,2
45,20200106,2
45,20200107,2
45,20200108,2
45,20200109,2
45,20200113,2
45,20200114,2
45,20200115,2
45,20200116,2
45,20200120,2
45,20200121,2
45,20200122,2
45,20200123,2
45,20200127,2
45,20200128,2
45,20200129,2
45,20200130,2
45,20200203,2
45,20200204,2
45,20200205,2
45,20200206,2
45,20200210,2
45,20200211,2
45,20200212,2
45,20200213,2
45,20200217,2
45,20200218,2
45,20200219,2
45,20200220,2
45,20200224,2
45,20200225,2
45,20200226,2
45,20200227,2
45,20200302,2
45,20200303,2
45,20200304,2
45,20200305,2
45,20200309,2
45,20200310,2
45,20200311,2
45,20200312,2
45,20200316,2
45,20200317,2
45,20200318,2
45,20200319,2
45,20200323,2
45,20200324,2
45,20200325,2
45,20200326,2
45,20200330,2
45,20200331,2
45,20200401,2
45,20200402,2
45,20200406,2
45,20200407,2
45,20200408,2
45,20200409,2
45,20200413,2
45,20200414,2
45,20200415,2
45,20200416,2
45,20200420,2
45,20200421,2
45,20200422,2
45,20200423,2
45,20200427,2
45,20200428,2
45,20200429,2
45,20200430,2
45,20200504,2
45,20200505,2
45,20200506,2
45,20200507,2
45,20200511,2
45,20200512,2
45,20200513,2
45,20200514,2
45,20200518,2
45,20200519,2
45,20200520,2
45,20200521,2
45,20200525,2
45,20200526,2
45,20200527,2
45,20200528,2
45,20200601,2
45,20200602,2
45,20200603,2
45,20200604,2
45,20200608,2
45,20200609,2
45,20200610,2
45,20200611,2
45,20200615,2
45,20200616,2
45,20200617,2
45,20200618,2
45,20200622,2
45,20200623,2
45,20200624,2
45,20200625,2
45,20200629,2
45,20200630,2
45,20200701,2
45,20200702,2
45,20200706,2
45,20200707,2
45,20200708,2
45,20200709,2
45,20200713,2
45,20200714,2
45,20200715,2
45,20200716,2
45,20200720,2
45,20200721,2
45,20200722,2
45,20200723,2
45,20200727,2
45,20200728,2
45,20200729,2
45,20200730,2
45,20200803,2
45,20200804,2
45,20200805,2
45,20200806,2
45,20200810,2
45,20200811,2
45,20200812,2
45,20200813,2
45,20200817,2
45,20200818,2
45,20200819,2
45,20200820,2
45,20200824,2
45,20200825,2
45,20200826,2
45,20200827,2
45,20200831,2
45,20200901,2
45,20200902,2
45,20200903,2
45,20200907,2
45,20200908,2
45,20200909,2
45,20200910,2
45,20200914,2
45,20200915,2
45,20200916,2
45,20200917,2
45,20200921,2
45,20200922,2
45,20200923,2
45,20200924,2
45,20200928,2
45,20200929,2
45,20200930,2
45,20201001,2
45,20201005,2
45,20201006,2
45,20201007,2
45,20201008,2
45,20201012,2
45,20201013,2
45,20201014,2
45,20201015,2
45,20201019,2
45,20201020,2
45,20201021,2
45,20201022,2
45,20201026,2
45,20201027,2
45,20201028,2
45,20201029,2
45,20201102,2
45,20201103,2
45,20201104,2
45,20201105,2
45,20201109,2
45,20201110,2
45,20201111,2
45,20201112,2
46,20191227,2
46,20200103,2
46,20200207,2
46,20200214,2
46,20200501,2
46,20200508,2
46,20200710,2
46,20200717,2
46,20200724,2
46,20200731,2
46,20200807,2
46,20200814,2
46,20200821,2
46,20200828,2
46,20200904,2
46,20200911,2
46,20200918,2
46,20200925,2
46,20201002,2
46,20201009,2
46,20201016,2
46,20201023,2
46,20201030,2
46,20201106,2
46,20201113,2
5,20200101,2
5,20200102,2
5,20200103,2
5,20200105,2
5,20200106,2
5,20200107,2
5,20200108,2
5,20200109,2
5,20200110,2
5,20200112,2
5,20200113,2
5,20200114,2
5,20200115,2
5,20200116,2
5,20200117,2
5,20200119,2
5,20200120,2
5,20200121,2
5,20200122,2
5,20200123,2
5,20200124,2
5,20200126,2
5,20200127,2
5,20200128,2
5,20200129,2
5,20200130,2
5,20200131,2
5,20200202,2
5,20200203,2
5,20200204,2
5,20200205,2
5,20200206,2
5,20200207,2
5,20200209,2
5,20200210,2
5,20200211,2
5,20200212,2
5,20200213,2
5,20200214,2
5,20200216,2
5,20200217,2
5,20200218,2
5,20200219,2
5,20200220,2
5,20200221,2
5,20200223,2
5,20200224,2
5,20200225,2
5,20200226,2
5,20200227,2
5,20200228,2
5,20200301,2
5,20200302,2
5,20200303,2
5,20200304,2
5,20200305,2
5,20200306,2
5,20200308,2
5,20200309,2
5,20200310,2
5,20200311,2
5,20200312,2
5,20200313,2
5,20200315,2
5,20200316,2
5,20200317,2
5,20200318,2
5,20200319,2
5,20200320,2
5,20200322,2
5,20200323,2
5,20200324,2
5,20200325,2
5,20200326,2
5,20200327,2
5,20200329,2
5,20200330,2
5,20200331,2
5,20200401,2
5,20200402,2
5,20200403,2
5,20200405,2
5,20200406,2
5,20200407,2
5,20200408,2
5,20200409,2
5,20200410,2
5,20200412,2
5,20200413,2
5,20200414,2
5,20200415,2
5,20200416,2
5,20200417,2
5,20200419,2
5,20200420,2
5,20200421,2
5,20200422,2
5,20200423,2
5,20200424,2
5,20200426,2
5,20200427,2
5,20200428,2
5,20200429,2
5,20200430,2
5,20200501,2
5,20200503,2
5,20200504,2
5,20200505,2
5,20200506,2
5,20200507,2
5,20200508,2
5,20200510,2
5,20200511,2
5,20200512,2
5,20200513,2
5,20200514,2
5,20200515,2
5,20200517,2
5,20200518,2
5,20200519,2
5,20200520,2
5,20200521,2
5,20200522,2
5,20200524,2
5,20200525,2
5,20200526,2
5,20200527,2
5,20200528,2
5,20200529,2
5,20200531,2
5,20200601,2
5,20200602,2
5,20200603,2
5,20200604,2
5,20200605,2
5,20200607,2
5,20200608,2
5,20200609,2
5,20200610,2
5,20200611,2
5,20200612,2
5,20200614,2
5,20200615,2
5,20200616,2
5,20200617,2
5,20200618,2
5,20200619,2
5,20200621,2
5,20200622,2
5,20200623,2
5,20200624,2
5,20200625,2
5,20200626,2
5,20200628,2
5,20200629,2
5,20200630,2
5,20200701,2
5,20200702,2
5,20200703,2
5,20200705,2
5,20200706,2
5,20200707,2
5,20200708,2
5,20200709,2
5,20200710,2
5,20200712,2
5,20200713,2
5,20200714,2
5,20200715,2
5,20200716,2
5,20200717,2
5,20200719,2
5,20200720,2
5,20200721,2
5,20200722,2
5,20200723,2
5,20200724,2
5,20200726,2
5,20200727,2
5,20200728,2
5,20200729,2
5,20200730,2
5,20200731,2
5,20200802,2
5,20200803,2
5,20200804,2
5,20200805,2
5,20200806,2
5,20200807,2
5,20200809,2
5,20200810,2
5,20200811,2
5,20200812,2
5,20200813,2
5,20200814,2
5,20200816,2
5,20200817,2
5,20200818,2
5,20200819,2
5,20200820,2
5,20200821,2
5,20200823,2
5,20200824,2
5,20200825,2
5,20200826,2
5,20200827,2
5,20200828,2
5,20200830,2
5,20200831,2
5,20200901,2
5,20200902,2
5,20200903,2
5,20200904,2
5,20200906,2
5,20200907,2
5,20200908,2
5,20200909,2
5,20200910,2
5,20200911,2
5,20200913,2
5,20200914,2
5,20200915,2
5,20200916,2
5,20200917,2
5,20200918,2
5,20200920,2
5,20200921,2
5,20200922,2
5,20200923,2
5,20200924,2
5,20200925,2
5,20200927,2
5,20200928,2
5,20200929,2
5,20200930,2
5,20201001,2
5,20201002,2
5,20201004,2
5,20201005,2
5,20201006,2
5,20201007,2
5,20201008,2
5,20201009,2
5,20201011,2
5,20201012,2
5,20201013,2
5,20201014,2
5,20201015,2
5,20201016,2
5,20201018,2
5,20201019,2
5,20201020,2
5,20201021,2
5,20201022,2
5,20201023,2
5,20201025,2
5,20201026,2
5,20201027,2
5,20201028,2
5,20201029,2
5,20201030,2
5,20201101,2
5,20201102,2
5,20201103,2
5,20201104,2
5,20201105,2
5,20201106,2
5,20201108,2
5,20201109,2
5,20201110,2
5,20201111,2
5,20201112,2
5,20201113,2
6,20191116,2
6,20191117,2
6,20191123,2
6,20191124,2
6,20191130,2
6,20191201,2
6,20191207,2
6,20191208,2
6,20191214,2
6,20191215,2
6,20191221,2
6,20191222,2
6,20191228,2
6,20191229,2
6,20200104,2
6,20200105,2
6,20200111,2
6,20200112,2
6,20200118,2
6,20200119,2
6,20200125,2
6,20200126,2
6,20200201,2
6,20200202,2
6,20200208,2
6,20200209,2
6,20200215,2
6,20200216,2
6,20200222,2
6,20200223,2
6,20200229,2
6,20200301,2
6,20200307,2
6,20200308,2
6,20200314,2
6,20200315,2
6,20200321,2
6,20200322,2
6,20200328,2
6,20200329,2
6,20200404,2
6,20200405,2
6,20200411,2
6,20200412,2
6,20200418,2
6,20200419,2
6,20200425,2
6,20200426,2
6,20200502,2
6,20200503,2
6,20200509,2
6,20200510,2
6,20200516,2
6,20200517,2
6,20200523,2
6,20200524,2
6,20200530,2
6,20200531,2
6,20200606,2
6,20200607,2
6,20200613,2
6,20200614,2
6,20200620,2
6,20200621,2
6,20200627,2
6,20200628,2
6,20200704,2
6,20200705,2
6,20200711,2
6,20200712,2
6,20200718,2
6,20200719,2
6,20200725,2
6,20200726,2
6,20200801,2
6,20200802,2
6,20200808,2
6,20200809,2
6,20200815,2
6,20200816,2
6,20200822,2
6,20200823,2
6,20200829,2
6,20200830,2
6,20200905,2
6,20200906,2
6,20200912,2
6,20200913,2
6,20200919,2
6,20200920,2
6,20200926,2
6,20200927,2
6,20201003,2
6,20201004,2
6,20201010,2
6,20201011,2
6,20201017,2
6,20201018,2
6,20201024,2
6,20201025,2
6,20201031,2
6,20201101,2
6,20201107,2
6,20201108,2
6,20201114,2
7,20200104,2
7,20200105,2
7,20200111,2
7,20200112,2
7,20200118,2
7,20200119,2
7,20200125,2
7,20200126,2
7,20200201,2
7,20200202,2
7,20200208,2
7,20200209,2
7,20200215,2
7,20200216,2
7,20200222,2
7,20200223,2
7,20200229,2
7,20200301,2
7,20200307,2
7,20200308,2
7,20200314,2
7,20200315,2
7,20200321,2
7,20200322,2
7,20200328,2
7,20200329,2
7,20200404,2
7,20200405,2
7,20200411,2
7,20200412,2
7,20200418,2
7,20200419,2
7,20200425,2
7,20200426,2
7,20200502,2
7,20200503,2
7,20200509,2
7,20200510,2
7,20200516,2
7,20200517,2
7,20200523,2
7,20200524,2
7,20200530,2
7,20200531,2
7,20200606,2
7,20200607,2
7,20200613,2
7,20200614,2
7,20200620,2
7,20200621,2
7,20200627,2
7,20200628,2
7,20200704,2
7,20200705,2
7,20200711,2
7,20200712,2
7,20200718,2
7,20200719,2
7,20200725,2
7,20200726,2
7,20200801,2
7,20200802,2
7,20200808,2
7,20200809,2
7,20200815,2
7,20200816,2
7,20200822,2
7,20200823,2
7,20200829,2
7,20200830,2
7,20200905,2
7,20200906,2
7,20200912,2
7,20200913,2
7,20200919,2
7,20200920,2
7,20200926,2
7,20200927,2
7,20201003,2
7,20201004,2
7,20201010,2
7,20201011,2
7,20201017,2
7,20201018,2
7,20201024,2
7,20201025,2
7,20201031,2
7,20201101,2
7,20201107,2
7,20201108,2
7,20201114,2
8,20200102,2
8,20200103,2
8,20200104,2
8,20200109,2
8,20200110,2
8,20200111,2
8,20200116,2
8,20200117,2
8,20200118,2
8,20200123,2
8,20200124,2
8,20200125,2
8,20200130,2
8,20200131,2
8,20200201,2
8,20200206,2
8,20200207,2
8,20200208,2
8,20200213,2
8,20200214,2
8,20200215,2
8,20200220,2
8,20200221,2
8,20200222,2
8,20200227,2
8,20200228,2
8,20200229,2
8,20200305,2
8,20200306,2
8,20200307,2
8,20200312,2
8,20200313,2
8,20200314,2
8,20200319,2
8,20200320,2
8,20200321,2
8,20200326,2
8,20200327,2
8,20200328,2
8,20200402,2
8,20200403,2
8,20200404,2
8,20200409,2
8,20200410,2
8,20200411,2
8,20200416,2
8,20200417,2
8,20200418,2
8,20200423,2
8,20200424,2
8,20200425,2
8,20200430,2
8,20200501,2
8,20200502,2
8,20200507,2
8,20200508,2
8,20200509,2
8,20200514,2
8,20200515,2
8,20200516,2
8,20200521,2
8,20200522,2
8,20200523,2
8,20200528,2
8,20200529,2
8,20200530,2
8,20200604,2
8,20200605,2
8,20200606,2
8,20200611,2
8,20200612,2
8,20200613,2
8,20200618,2
8,20200619,2
8,20200620,2
8,20200625,2
8,20200626,2
8,20200627,2
8,20200702,2
8,20200703,2
8,20200704,2
8,20200709,2
8,20200710,2
8,20200711,2
8,20200716,2
8,20200717,2
8,20200718,2
8,20200723,2
8,20200724,2
8,20200725,2
8,20200730,2
8,20200731,2
8,20200801,2
8,20200806,2
8,20200807,2
8,20200808,2
8,20200813,2
8,20200814,2
8,20200815,2
8,20200820,2
8,20200821,2
8,20200822,2
8,20200827,2
8,20200828,2
8,20200829,2
8,20200903,2
8,20200904,2
8,20200905,2
8,20200910,2
8,20200911,2
8,20200912,2
8,20200917,2
8,20200918,2
8,20200919,2
8,20200924,2
8,20200925,2
8,20200926,2
8,20201001,2
8,20201002,2
8,20201003,2
8,20201008,2
8,20201009,2
8,20201010,2
8,20201015,2
8,20201016,2
8,20201017,2
8,20201022,2
8,20201023,2
8,20201024,2
8,20201029,2
8,20201030,2
8,20201031,2
8,20201105,2
8,20201106,2
8,20201107,2
8,20201112,2
8,20201113,2
8,20201114,2
