trip_id,contract_company_id,exec_company_id
LR100A1|20181015|10,77,77
LR100A1|20181015|100,77,77
LR100A1|20181015|102,77,77
LR100A1|20181015|103,77,77
LR100A1|20181015|105,77,77
LR100A1|20181015|106,77,77
LR100A1|20181015|108,77,77
LR100A1|20181015|109,77,77
LR100A1|20181015|110,77,77
LR100A1|20181015|111,77,77
LR100A1|20181015|112,77,77
LR100A1|20181015|113,77,77
LR100A1|20181015|114,77,77
LR100A1|20181015|115,77,77
LR100A1|20181015|116,77,77
LR100A1|20181015|117,77,77
LR100A1|20181015|118,77,77
LR100A1|20181015|119,77,77
LR100A1|20181015|12,77,77
LR100A1|20181015|120,77,77
LR100A1|20181015|121,77,77
LR100A1|20181015|122,77,77
LR100A1|20181015|123,77,77
LR100A1|20181015|124,77,77
LR100A1|20181015|125,77,77
LR100A1|20181015|126,77,77
LR100A1|20181015|127,77,77
LR100A1|20181015|128,77,77
LR100A1|20181015|129,77,77
LR100A1|20181015|13,77,77
LR100A1|20181015|130,77,77
LR100A1|20181015|131,77,77
LR100A1|20181015|132,77,77
LR100A1|20181015|133,77,77
LR100A1|20181015|134,77,77
LR100A1|20181015|135,77,77
LR100A1|20181015|136,77,77
LR100A1|20181015|137,77,77
LR100A1|20181015|138,77,77
LR100A1|20181015|139,77,77
LR100A1|20181015|140,77,77
LR100A1|20181015|141,77,77
LR100A1|20181015|142,77,77
LR100A1|20181015|143,77,77
LR100A1|20181015|144,77,77
LR100A1|20181015|145,77,77
LR100A1|20181015|146,77,77
LR100A1|20181015|147,77,77
LR100A1|20181015|148,77,77
LR100A1|20181015|149,77,77
LR100A1|20181015|15,77,77
LR100A1|20181015|150,77,77
LR100A1|20181015|151,77,77
LR100A1|20181015|152,77,77
LR100A1|20181015|153,77,77
LR100A1|20181015|154,77,77
LR100A1|20181015|155,77,77
LR100A1|20181015|156,77,77
LR100A1|20181015|157,77,77
LR100A1|20181015|158,77,77
LR100A1|20181015|159,77,77
LR100A1|20181015|16,77,77
LR100A1|20181015|160,77,77
LR100A1|20181015|161,77,77
LR100A1|20181015|162,77,77
LR100A1|20181015|163,77,77
LR100A1|20181015|164,77,77
LR100A1|20181015|165,77,77
LR100A1|20181015|166,77,77
LR100A1|20181015|167,77,77
LR100A1|20181015|168,77,77
LR100A1|20181015|169,77,77
LR100A1|20181015|17,77,77
LR100A1|20181015|170,77,77
LR100A1|20181015|171,77,77
LR100A1|20181015|172,77,77
LR100A1|20181015|173,77,77
LR100A1|20181015|174,77,77
LR100A1|20181015|175,77,77
LR100A1|20181015|176,77,77
LR100A1|20181015|177,77,77
LR100A1|20181015|178,77,77
LR100A1|20181015|179,77,77
LR100A1|20181015|180,77,77
LR100A1|20181015|181,77,77
LR100A1|20181015|182,77,77
LR100A1|20181015|183,77,77
LR100A1|20181015|184,77,77
LR100A1|20181015|185,77,77
LR100A1|20181015|186,77,77
LR100A1|20181015|187,77,77
LR100A1|20181015|188,77,77
LR100A1|20181015|189,77,77
LR100A1|20181015|19,77,77
LR100A1|20181015|190,77,77
LR100A1|20181015|191,77,77
LR100A1|20181015|192,77,77
LR100A1|20181015|193,77,77
LR100A1|20181015|194,77,77
LR100A1|20181015|195,77,77
LR100A1|20181015|196,77,77
LR100A1|20181015|197,77,77
LR100A1|20181015|198,77,77
LR100A1|20181015|2,77,77
LR100A1|20181015|20,77,77
LR100A1|20181015|21,77,77
LR100A1|20181015|22,77,77
LR100A1|20181015|23,77,77
LR100A1|20181015|24,77,77
LR100A1|20181015|25,77,77
LR100A1|20181015|26,77,77
LR100A1|20181015|27,77,77
LR100A1|20181015|28,77,77
LR100A1|20181015|29,77,77
LR100A1|20181015|3,77,77
LR100A1|20181015|31,77,77
LR100A1|20181015|32,77,77
LR100A1|20181015|33,77,77
LR100A1|20181015|34,77,77
LR100A1|20181015|35,77,77
LR100A1|20181015|36,77,77
LR100A1|20181015|37,77,77
LR100A1|20181015|38,77,77
LR100A1|20181015|39,77,77
LR100A1|20181015|4,77,77
LR100A1|20181015|40,77,77
LR100A1|20181015|41,77,77
LR100A1|20181015|42,77,77
LR100A1|20181015|43,77,77
LR100A1|20181015|44,77,77
LR100A1|20181015|5,77,77
LR100A1|20181015|58,77,77
LR100A1|20181015|6,77,77
LR100A1|20181015|60,77,77
LR100A1|20181015|61,77,77
LR100A1|20181015|62,77,77
LR100A1|20181015|63,77,77
LR100A1|20181015|64,77,77
LR100A1|20181015|66,77,77
LR100A1|20181015|67,77,77
LR100A1|20181015|69,77,77
LR100A1|20181015|7,77,77
LR100A1|20181015|70,77,77
LR100A1|20181015|71,77,77
LR100A1|20181015|72,77,77
LR100A1|20181015|73,77,77
LR100A1|20181015|75,77,77
LR100A1|20181015|76,77,77
LR100A1|20181015|77,77,77
LR100A1|20181015|78,77,77
LR100A1|20181015|79,77,77
LR100A1|20181015|8,77,77
LR100A1|20181015|80,77,77
LR100A1|20181015|9,77,77
LR100A1|20181015|91,77,77
LR100A1|20181015|92,77,77
LR100A1|20181015|93,77,77
LR100NA1|20181016|1,77,77
LR100NA1|20181016|2,77,77
LR100NA1|20181016|3,77,77
LR100NA1|20181016|4,77,77
LR100NR1|20181016|1,77,77
LR100NR1|20181016|2,77,77
LR100NR1|20181016|3,77,77
LR100NR1|20181016|4,77,77
LR100R|20181215|1,77,77
LR100R|20181215|10,77,77
LR100R|20181215|100,77,77
LR100R|20181215|101,77,77
LR100R|20181215|102,77,77
LR100R|20181215|103,77,77
LR100R|20181215|104,77,77
LR100R|20181215|105,77,77
LR100R|20181215|106,77,77
LR100R|20181215|107,77,77
LR100R|20181215|108,77,77
LR100R|20181215|109,77,77
LR100R|20181215|11,77,77
LR100R|20181215|110,77,77
LR100R|20181215|111,77,77
LR100R|20181215|112,77,77
LR100R|20181215|113,77,77
LR100R|20181215|114,77,77
LR100R|20181215|115,77,77
LR100R|20181215|116,77,77
LR100R|20181215|117,77,77
LR100R|20181215|118,77,77
LR100R|20181215|119,77,77
LR100R|20181215|12,77,77
LR100R|20181215|120,77,77
LR100R|20181215|121,77,77
LR100R|20181215|122,77,77
LR100R|20181215|123,77,77
LR100R|20181215|124,77,77
LR100R|20181215|125,77,77
LR100R|20181215|127,77,77
LR100R|20181215|128,77,77
LR100R|20181215|129,77,77
LR100R|20181215|13,77,77
LR100R|20181215|130,77,77
LR100R|20181215|131,77,77
LR100R|20181215|132,77,77
LR100R|20181215|133,77,77
LR100R|20181215|134,77,77
LR100R|20181215|135,77,77
LR100R|20181215|136,77,77
LR100R|20181215|137,77,77
LR100R|20181215|138,77,77
LR100R|20181215|139,77,77
LR100R|20181215|14,77,77
LR100R|20181215|140,77,77
LR100R|20181215|15,77,77
LR100R|20181215|16,77,77
LR100R|20181215|18,77,77
LR100R|20181215|2,77,77
LR100R|20181215|20,77,77
LR100R|20181215|21,77,77
LR100R|20181215|22,77,77
LR100R|20181215|23,77,77
LR100R|20181215|24,77,77
LR100R|20181215|25,77,77
LR100R|20181215|26,77,77
LR100R|20181215|27,77,77
LR100R|20181215|28,77,77
LR100R|20181215|29,77,77
LR100R|20181215|3,77,77
LR100R|20181215|30,77,77
LR100R|20181215|31,77,77
LR100R|20181215|32,77,77
LR100R|20181215|33,77,77
LR100R|20181215|34,77,77
LR100R|20181215|35,77,77
LR100R|20181215|36,77,77
LR100R|20181215|37,77,77
LR100R|20181215|38,77,77
LR100R|20181215|39,77,77
LR100R|20181215|4,77,77
LR100R|20181215|41,77,77
LR100R|20181215|42,77,77
LR100R|20181215|43,77,77
LR100R|20181215|44,77,77
LR100R|20181215|45,77,77
LR100R|20181215|46,77,77
LR100R|20181215|47,77,77
LR100R|20181215|48,77,77
LR100R|20181215|49,77,77
LR100R|20181215|5,77,77
LR100R|20181215|50,77,77
LR100R|20181215|51,77,77
LR100R|20181215|52,77,77
LR100R|20181215|53,77,77
LR100R|20181215|54,77,77
LR100R|20181215|55,77,77
LR100R|20181215|56,77,77
LR100R|20181215|57,77,77
LR100R|20181215|58,77,77
LR100R|20181215|59,77,77
LR100R|20181215|6,77,77
LR100R|20181215|62,77,77
LR100R|20181215|64,77,77
LR100R|20181215|65,77,77
LR100R|20181215|66,77,77
LR100R|20181215|67,77,77
LR100R|20181215|68,77,77
LR100R|20181215|69,77,77
LR100R|20181215|7,77,77
LR100R|20181215|70,77,77
LR100R|20181215|71,77,77
LR100R|20181215|72,77,77
LR100R|20181215|73,77,77
LR100R|20181215|74,77,77
LR100R|20181215|76,77,77
LR100R|20181215|78,77,77
LR100R|20181215|80,77,77
LR100R|20181215|83,77,77
LR100R|20181215|84,77,77
LR100R|20181215|85,77,77
LR100R|20181215|87,77,77
LR100R|20181215|88,77,77
LR100R|20181215|89,77,77
LR100R|20181215|9,77,77
LR100R|20181215|90,77,77
LR100R|20181215|91,77,77
LR100R|20181215|92,77,77
LR100R|20181215|93,77,77
LR100R|20181215|94,77,77
LR100R|20181215|95,77,77
LR100R|20181215|96,77,77
LR100R|20181215|97,77,77
LR100R|20181215|98,77,77
LR100R|20181215|99,77,77
LR100R3|20181217|1,77,77
LR100R3|20181217|10,77,77
LR100R3|20181217|11,77,77
LR100R3|20181217|13,77,77
LR100R3|20181217|15,77,77
LR100R3|20181217|16,77,77
LR100R3|20181217|17,77,77
LR100R3|20181217|18,77,77
LR100R3|20181217|19,77,77
LR100R3|20181217|2,77,77
LR100R3|20181217|21,77,77
LR100R3|20181217|22,77,77
LR100R3|20181217|23,77,77
LR100R3|20181217|24,77,77
LR100R3|20181217|25,77,77
LR100R3|20181217|26,77,77
LR100R3|20181217|27,77,77
LR100R3|20181217|28,77,77
LR100R3|20181217|29,77,77
LR100R3|20181217|31,77,77
LR100R3|20181217|5,77,77
LR100R3|20181217|6,77,77
LR100R3|20181217|7,77,77
LR100R3|20181217|8,77,77
LR100R3|20181217|9,77,77
LR100XA1|20180101|1,77,77
LR100XA1|20180101|21,77,77
LR100XA1|20180101|22,77,77
LR100XA1|20180101|23,77,77
LR100XA1|20180101|24,77,77
LR100XA1|20180101|25,77,77
LR100XA1|20180101|26,77,77
LR100XA2|20181112|21,77,77
LR100XA2|20181112|22,77,77
LR100XR1|20180101|1,77,77
LR100XR1|20180101|2,77,77
LR100XR1|20180101|3,77,77
LR100XR1|20180101|4,77,77
LR100XR1|20180101|5,77,77
LR100XR1|20180101|6,77,77
LR100XR1|20180101|7,77,77
LR100XR1|20180101|8,77,77
LR100XR1|20180101|9,77,77
LR110A1|20181113|1,77,77
LR110A1|20181113|10,77,77
LR110A1|20181113|11,77,77
LR110A1|20181113|12,77,77
LR110A1|20181113|13,77,77
LR110A1|20181113|14,77,77
LR110A1|20181113|15,77,77
LR110A1|20181113|16,77,77
LR110A1|20181113|17,77,77
LR110A1|20181113|18,77,77
LR110A1|20181113|19,77,77
LR110A1|20181113|20,77,77
LR110A1|20181113|21,77,77
LR110A1|20181113|22,77,77
LR110A1|20181113|23,77,77
LR110A1|20181113|24,77,77
LR110A1|20181113|25,77,77
LR110A1|20181113|26,77,77
LR110A1|20181113|27,77,77
LR110A1|20181113|28,77,77
LR110A1|20181113|29,77,77
LR110A1|20181113|30,77,77
LR110A1|20181113|5,77,77
LR110A1|20181113|6,77,77
LR110A1|20181113|7,77,77
LR110A1|20181113|8,77,77
LR110A1|20181113|9,77,77
LR110R1|20180101|1,77,77
LR110R1|20180101|10,77,77
LR110R1|20180101|11,77,77
LR110R1|20180101|12,77,77
LR110R1|20180101|13,77,77
LR110R1|20180101|14,77,77
LR110R1|20180101|15,77,77
LR110R1|20180101|2,77,77
LR110R1|20180101|3,77,77
LR110R1|20180101|4,77,77
LR110R1|20180101|5,77,77
LR110R1|20180101|6,77,77
LR110R1|20180101|7,77,77
LR110R1|20180101|8,77,77
LR110R1|20180101|9,77,77
LR110R2|20181112|1,77,77
LR110R2|20181112|10,77,77
LR110R2|20181112|11,77,77
LR110R2|20181112|12,77,77
LR110R2|20181112|2,77,77
LR110R2|20181112|3,77,77
LR110R2|20181112|4,77,77
LR110R2|20181112|5,77,77
LR110R2|20181112|6,77,77
LR110R2|20181112|7,77,77
LR110R2|20181112|8,77,77
LR110R2|20181112|9,77,77
LR112A1|20181112|1,77,77
LR112A1|20181112|2,77,77
LR112A1|20181112|4,77,77
LR112A1|20181112|5,77,77
LR112A1|20181112|6,77,77
LR112A1|20181112|7,77,77
LR112R1|20181112|1,77,77
LR112R1|20181112|3,77,77
LR112R1|20181112|4,77,77
LR112R1|20181112|5,77,77
LR112R1|20181112|6,77,77
LR112R1|20181112|7,77,77
LR116A1|20181112|1,77,77
LR116A1|20181112|2,77,77
LR116A1|20181112|3,77,77
LR116A1|20181112|4,77,77
LR116A1|20181112|5,77,77
LR116A2|20181116|1,77,77
LR116R1|20181112|1,77,77
LR116R1|20181112|2,77,77
LR116R1|20181112|3,77,77
LR116R1|20181112|4,77,77
LR116R2|20080131|1,77,77
LR116R2|20080131|4,77,77
LR200A1|20180101|1,77,77
LR200A1|20180101|10,77,77
LR200A1|20180101|100,77,77
LR200A1|20180101|101,77,77
LR200A1|20180101|102,77,77
LR200A1|20180101|103,77,77
LR200A1|20180101|104,77,77
LR200A1|20180101|105,77,77
LR200A1|20180101|106,77,77
LR200A1|20180101|107,77,77
LR200A1|20180101|108,77,77
LR200A1|20180101|109,77,77
LR200A1|20180101|11,77,77
LR200A1|20180101|110,77,77
LR200A1|20180101|111,77,77
LR200A1|20180101|112,77,77
LR200A1|20180101|113,77,77
LR200A1|20180101|114,77,77
LR200A1|20180101|115,77,77
LR200A1|20180101|116,77,77
LR200A1|20180101|117,77,77
LR200A1|20180101|118,77,77
LR200A1|20180101|119,77,77
LR200A1|20180101|12,77,77
LR200A1|20180101|120,77,77
LR200A1|20180101|121,77,77
LR200A1|20180101|122,77,77
LR200A1|20180101|123,77,77
LR200A1|20180101|124,77,77
LR200A1|20180101|125,77,77
LR200A1|20180101|126,77,77
LR200A1|20180101|127,77,77
LR200A1|20180101|128,77,77
LR200A1|20180101|129,77,77
LR200A1|20180101|13,77,77
LR200A1|20180101|130,77,77
LR200A1|20180101|131,77,77
LR200A1|20180101|132,77,77
LR200A1|20180101|133,77,77
LR200A1|20180101|134,77,77
LR200A1|20180101|14,77,77
LR200A1|20180101|15,77,77
LR200A1|20180101|16,77,77
LR200A1|20180101|17,77,77
LR200A1|20180101|18,77,77
LR200A1|20180101|19,77,77
LR200A1|20180101|2,77,77
LR200A1|20180101|20,77,77
LR200A1|20180101|21,77,77
LR200A1|20180101|22,77,77
LR200A1|20180101|23,77,77
LR200A1|20180101|24,77,77
LR200A1|20180101|25,77,77
LR200A1|20180101|27,77,77
LR200A1|20180101|28,77,77
LR200A1|20180101|29,77,77
LR200A1|20180101|3,77,77
LR200A1|20180101|30,77,77
LR200A1|20180101|31,77,77
LR200A1|20180101|32,77,77
LR200A1|20180101|33,77,77
LR200A1|20180101|34,77,77
LR200A1|20180101|35,77,77
LR200A1|20180101|36,77,77
LR200A1|20180101|37,77,77
LR200A1|20180101|38,77,77
LR200A1|20180101|39,77,77
LR200A1|20180101|4,77,77
LR200A1|20180101|40,77,77
LR200A1|20180101|41,77,77
LR200A1|20180101|42,77,77
LR200A1|20180101|43,77,77
LR200A1|20180101|44,77,77
LR200A1|20180101|45,77,77
LR200A1|20180101|46,77,77
LR200A1|20180101|47,77,77
LR200A1|20180101|48,77,77
LR200A1|20180101|49,77,77
LR200A1|20180101|5,77,77
LR200A1|20180101|50,77,77
LR200A1|20180101|51,77,77
LR200A1|20180101|52,77,77
LR200A1|20180101|53,77,77
LR200A1|20180101|54,77,77
LR200A1|20180101|55,77,77
LR200A1|20180101|56,77,77
LR200A1|20180101|57,77,77
LR200A1|20180101|58,77,77
LR200A1|20180101|59,77,77
LR200A1|20180101|6,77,77
LR200A1|20180101|60,77,77
LR200A1|20180101|61,77,77
LR200A1|20180101|62,77,77
LR200A1|20180101|63,77,77
LR200A1|20180101|64,77,77
LR200A1|20180101|65,77,77
LR200A1|20180101|66,77,77
LR200A1|20180101|67,77,77
LR200A1|20180101|68,77,77
LR200A1|20180101|69,77,77
LR200A1|20180101|7,77,77
LR200A1|20180101|70,77,77
LR200A1|20180101|71,77,77
LR200A1|20180101|72,77,77
LR200A1|20180101|73,77,77
LR200A1|20180101|74,77,77
LR200A1|20180101|75,77,77
LR200A1|20180101|76,77,77
LR200A1|20180101|77,77,77
LR200A1|20180101|78,77,77
LR200A1|20180101|79,77,77
LR200A1|20180101|8,77,77
LR200A1|20180101|80,77,77
LR200A1|20180101|81,77,77
LR200A1|20180101|82,77,77
LR200A1|20180101|83,77,77
LR200A1|20180101|84,77,77
LR200A1|20180101|85,77,77
LR200A1|20180101|86,77,77
LR200A1|20180101|87,77,77
LR200A1|20180101|88,77,77
LR200A1|20180101|89,77,77
LR200A1|20180101|9,77,77
LR200A1|20180101|90,77,77
LR200A1|20180101|91,77,77
LR200A1|20180101|92,77,77
LR200A1|20180101|93,77,77
LR200A1|20180101|94,77,77
LR200A1|20180101|95,77,77
LR200A1|20180101|96,77,77
LR200A1|20180101|97,77,77
LR200A1|20180101|98,77,77
LR200A1|20180101|99,77,77
LR200A2|20181018|1,77,77
LR200A2|20181018|10,77,77
LR200A2|20181018|101,77,77
LR200A2|20181018|103,77,77
LR200A2|20181018|104,77,77
LR200A2|20181018|107,77,77
LR200A2|20181018|108,77,77
LR200A2|20181018|110,77,77
LR200A2|20181018|111,77,77
LR200A2|20181018|113,77,77
LR200A2|20181018|114,77,77
LR200A2|20181018|115,77,77
LR200A2|20181018|116,77,77
LR200A2|20181018|117,77,77
LR200A2|20181018|118,77,77
LR200A2|20181018|119,77,77
LR200A2|20181018|12,77,77
LR200A2|20181018|120,77,77
LR200A2|20181018|121,77,77
LR200A2|20181018|122,77,77
LR200A2|20181018|123,77,77
LR200A2|20181018|124,77,77
LR200A2|20181018|125,77,77
LR200A2|20181018|126,77,77
LR200A2|20181018|127,77,77
LR200A2|20181018|128,77,77
LR200A2|20181018|129,77,77
LR200A2|20181018|13,77,77
LR200A2|20181018|130,77,77
LR200A2|20181018|131,77,77
LR200A2|20181018|132,77,77
LR200A2|20181018|133,77,77
LR200A2|20181018|134,77,77
LR200A2|20181018|135,77,77
LR200A2|20181018|136,77,77
LR200A2|20181018|137,77,77
LR200A2|20181018|138,77,77
LR200A2|20181018|139,77,77
LR200A2|20181018|14,77,77
LR200A2|20181018|140,77,77
LR200A2|20181018|141,77,77
LR200A2|20181018|142,77,77
LR200A2|20181018|143,77,77
LR200A2|20181018|144,77,77
LR200A2|20181018|145,77,77
LR200A2|20181018|146,77,77
LR200A2|20181018|147,77,77
LR200A2|20181018|148,77,77
LR200A2|20181018|149,77,77
LR200A2|20181018|150,77,77
LR200A2|20181018|151,77,77
LR200A2|20181018|152,77,77
LR200A2|20181018|154,77,77
LR200A2|20181018|155,77,77
LR200A2|20181018|156,77,77
LR200A2|20181018|157,77,77
LR200A2|20181018|158,77,77
LR200A2|20181018|159,77,77
LR200A2|20181018|16,77,77
LR200A2|20181018|160,77,77
LR200A2|20181018|161,77,77
LR200A2|20181018|162,77,77
LR200A2|20181018|163,77,77
LR200A2|20181018|164,77,77
LR200A2|20181018|165,77,77
LR200A2|20181018|166,77,77
LR200A2|20181018|167,77,77
LR200A2|20181018|168,77,77
LR200A2|20181018|169,77,77
LR200A2|20181018|17,77,77
LR200A2|20181018|170,77,77
LR200A2|20181018|171,77,77
LR200A2|20181018|172,77,77
LR200A2|20181018|174,77,77
LR200A2|20181018|175,77,77
LR200A2|20181018|176,77,77
LR200A2|20181018|177,77,77
LR200A2|20181018|178,77,77
LR200A2|20181018|179,77,77
LR200A2|20181018|18,77,77
LR200A2|20181018|180,77,77
LR200A2|20181018|181,77,77
LR200A2|20181018|182,77,77
LR200A2|20181018|183,77,77
LR200A2|20181018|184,77,77
LR200A2|20181018|185,77,77
LR200A2|20181018|186,77,77
LR200A2|20181018|187,77,77
LR200A2|20181018|188,77,77
LR200A2|20181018|189,77,77
LR200A2|20181018|2,77,77
LR200A2|20181018|21,77,77
LR200A2|20181018|22,77,77
LR200A2|20181018|26,77,77
LR200A2|20181018|27,77,77
LR200A2|20181018|3,77,77
LR200A2|20181018|30,77,77
LR200A2|20181018|32,77,77
LR200A2|20181018|35,77,77
LR200A2|20181018|37,77,77
LR200A2|20181018|38,77,77
LR200A2|20181018|4,77,77
LR200A2|20181018|41,77,77
LR200A2|20181018|5,77,77
LR200A2|20181018|58,77,77
LR200A2|20181018|6,77,77
LR200A2|20181018|60,77,77
LR200A2|20181018|63,77,77
LR200A2|20181018|65,77,77
LR200A2|20181018|68,77,77
LR200A2|20181018|70,77,77
LR200A2|20181018|73,77,77
LR200A2|20181018|75,77,77
LR200A2|20181018|78,77,77
LR200A2|20181018|8,77,77
LR200A2|20181018|80,77,77
LR200A2|20181018|83,77,77
LR200A2|20181018|87,77,77
LR200A2|20181018|89,77,77
LR200A2|20181018|9,77,77
LR200A2|20181018|92,77,77
LR200A2|20181018|94,77,77
LR200A2|20181018|96,77,77
LR200A2|20181018|98,77,77
LR200NA|20181115|1,77,77
LR200NA|20181115|2,77,77
LR200NA|20181115|3,77,77
LR200NA|20181115|4,77,77
LR200NR|20181115|1,77,77
LR200NR|20181115|2,77,77
LR200NR|20181115|3,77,77
LR200NR|20181115|4,77,77
LR200R1|20181018|1,77,77
LR200R1|20181018|10,77,77
LR200R1|20181018|100,77,77
LR200R1|20181018|101,77,77
LR200R1|20181018|102,77,77
LR200R1|20181018|103,77,77
LR200R1|20181018|104,77,77
LR200R1|20181018|105,77,77
LR200R1|20181018|106,77,77
LR200R1|20181018|107,77,77
LR200R1|20181018|108,77,77
LR200R1|20181018|109,77,77
LR200R1|20181018|11,77,77
LR200R1|20181018|110,77,77
LR200R1|20181018|111,77,77
LR200R1|20181018|112,77,77
LR200R1|20181018|113,77,77
LR200R1|20181018|114,77,77
LR200R1|20181018|115,77,77
LR200R1|20181018|116,77,77
LR200R1|20181018|117,77,77
LR200R1|20181018|118,77,77
LR200R1|20181018|119,77,77
LR200R1|20181018|12,77,77
LR200R1|20181018|120,77,77
LR200R1|20181018|121,77,77
LR200R1|20181018|122,77,77
LR200R1|20181018|123,77,77
LR200R1|20181018|124,77,77
LR200R1|20181018|125,77,77
LR200R1|20181018|126,77,77
LR200R1|20181018|127,77,77
LR200R1|20181018|128,77,77
LR200R1|20181018|129,77,77
LR200R1|20181018|13,77,77
LR200R1|20181018|130,77,77
LR200R1|20181018|131,77,77
LR200R1|20181018|132,77,77
LR200R1|20181018|14,77,77
LR200R1|20181018|15,77,77
LR200R1|20181018|16,77,77
LR200R1|20181018|17,77,77
LR200R1|20181018|18,77,77
LR200R1|20181018|19,77,77
LR200R1|20181018|2,77,77
LR200R1|20181018|20,77,77
LR200R1|20181018|21,77,77
LR200R1|20181018|22,77,77
LR200R1|20181018|23,77,77
LR200R1|20181018|24,77,77
LR200R1|20181018|25,77,77
LR200R1|20181018|26,77,77
LR200R1|20181018|27,77,77
LR200R1|20181018|28,77,77
LR200R1|20181018|29,77,77
LR200R1|20181018|3,77,77
LR200R1|20181018|30,77,77
LR200R1|20181018|31,77,77
LR200R1|20181018|32,77,77
LR200R1|20181018|33,77,77
LR200R1|20181018|34,77,77
LR200R1|20181018|35,77,77
LR200R1|20181018|36,77,77
LR200R1|20181018|37,77,77
LR200R1|20181018|38,77,77
LR200R1|20181018|39,77,77
LR200R1|20181018|4,77,77
LR200R1|20181018|40,77,77
LR200R1|20181018|41,77,77
LR200R1|20181018|42,77,77
LR200R1|20181018|43,77,77
LR200R1|20181018|44,77,77
LR200R1|20181018|45,77,77
LR200R1|20181018|46,77,77
LR200R1|20181018|47,77,77
LR200R1|20181018|48,77,77
LR200R1|20181018|49,77,77
LR200R1|20181018|5,77,77
LR200R1|20181018|50,77,77
LR200R1|20181018|51,77,77
LR200R1|20181018|52,77,77
LR200R1|20181018|53,77,77
LR200R1|20181018|54,77,77
LR200R1|20181018|55,77,77
LR200R1|20181018|56,77,77
LR200R1|20181018|57,77,77
LR200R1|20181018|58,77,77
LR200R1|20181018|59,77,77
LR200R1|20181018|6,77,77
LR200R1|20181018|60,77,77
LR200R1|20181018|61,77,77
LR200R1|20181018|62,77,77
LR200R1|20181018|63,77,77
LR200R1|20181018|64,77,77
LR200R1|20181018|65,77,77
LR200R1|20181018|66,77,77
LR200R1|20181018|67,77,77
LR200R1|20181018|68,77,77
LR200R1|20181018|69,77,77
LR200R1|20181018|7,77,77
LR200R1|20181018|70,77,77
LR200R1|20181018|71,77,77
LR200R1|20181018|72,77,77
LR200R1|20181018|73,77,77
LR200R1|20181018|74,77,77
LR200R1|20181018|75,77,77
LR200R1|20181018|76,77,77
LR200R1|20181018|77,77,77
LR200R1|20181018|78,77,77
LR200R1|20181018|79,77,77
LR200R1|20181018|8,77,77
LR200R1|20181018|80,77,77
LR200R1|20181018|81,77,77
LR200R1|20181018|82,77,77
LR200R1|20181018|83,77,77
LR200R1|20181018|84,77,77
LR200R1|20181018|85,77,77
LR200R1|20181018|86,77,77
LR200R1|20181018|87,77,77
LR200R1|20181018|88,77,77
LR200R1|20181018|89,77,77
LR200R1|20181018|9,77,77
LR200R1|20181018|90,77,77
LR200R1|20181018|91,77,77
LR200R1|20181018|92,77,77
LR200R1|20181018|93,77,77
LR200R1|20181018|94,77,77
LR200R1|20181018|95,77,77
LR200R1|20181018|96,77,77
LR200R1|20181018|97,77,77
LR200R1|20181018|98,77,77
LR200R1|20181018|99,77,77
LR200R2|20181018|1,77,77
LR200R2|20181018|10,77,77
LR200R2|20181018|100,77,77
LR200R2|20181018|101,77,77
LR200R2|20181018|102,77,77
LR200R2|20181018|103,77,77
LR200R2|20181018|104,77,77
LR200R2|20181018|105,77,77
LR200R2|20181018|106,77,77
LR200R2|20181018|107,77,77
LR200R2|20181018|108,77,77
LR200R2|20181018|11,77,77
LR200R2|20181018|110,77,77
LR200R2|20181018|111,77,77
LR200R2|20181018|112,77,77
LR200R2|20181018|114,77,77
LR200R2|20181018|115,77,77
LR200R2|20181018|116,77,77
LR200R2|20181018|117,77,77
LR200R2|20181018|118,77,77
LR200R2|20181018|119,77,77
LR200R2|20181018|12,77,77
LR200R2|20181018|120,77,77
LR200R2|20181018|121,77,77
LR200R2|20181018|122,77,77
LR200R2|20181018|123,77,77
LR200R2|20181018|124,77,77
LR200R2|20181018|126,77,77
LR200R2|20181018|127,77,77
LR200R2|20181018|128,77,77
LR200R2|20181018|129,77,77
LR200R2|20181018|13,77,77
LR200R2|20181018|130,77,77
LR200R2|20181018|131,77,77
LR200R2|20181018|132,77,77
LR200R2|20181018|133,77,77
LR200R2|20181018|134,77,77
LR200R2|20181018|135,77,77
LR200R2|20181018|136,77,77
LR200R2|20181018|139,77,77
LR200R2|20181018|14,77,77
LR200R2|20181018|143,77,77
LR200R2|20181018|144,77,77
LR200R2|20181018|145,77,77
LR200R2|20181018|146,77,77
LR200R2|20181018|147,77,77
LR200R2|20181018|149,77,77
LR200R2|20181018|153,77,77
LR200R2|20181018|156,77,77
LR200R2|20181018|158,77,77
LR200R2|20181018|159,77,77
LR200R2|20181018|16,77,77
LR200R2|20181018|160,77,77
LR200R2|20181018|161,77,77
LR200R2|20181018|162,77,77
LR200R2|20181018|163,77,77
LR200R2|20181018|164,77,77
LR200R2|20181018|165,77,77
LR200R2|20181018|166,77,77
LR200R2|20181018|19,77,77
LR200R2|20181018|2,77,77
LR200R2|20181018|24,77,77
LR200R2|20181018|26,77,77
LR200R2|20181018|28,77,77
LR200R2|20181018|29,77,77
LR200R2|20181018|3,77,77
LR200R2|20181018|30,77,77
LR200R2|20181018|33,77,77
LR200R2|20181018|34,77,77
LR200R2|20181018|35,77,77
LR200R2|20181018|36,77,77
LR200R2|20181018|39,77,77
LR200R2|20181018|4,77,77
LR200R2|20181018|40,77,77
LR200R2|20181018|42,77,77
LR200R2|20181018|43,77,77
LR200R2|20181018|45,77,77
LR200R2|20181018|47,77,77
LR200R2|20181018|5,77,77
LR200R2|20181018|50,77,77
LR200R2|20181018|53,77,77
LR200R2|20181018|55,77,77
LR200R2|20181018|56,77,77
LR200R2|20181018|59,77,77
LR200R2|20181018|6,77,77
LR200R2|20181018|60,77,77
LR200R2|20181018|62,77,77
LR200R2|20181018|65,77,77
LR200R2|20181018|66,77,77
LR200R2|20181018|67,77,77
LR200R2|20181018|68,77,77
LR200R2|20181018|7,77,77
LR200R2|20181018|70,77,77
LR200R2|20181018|72,77,77
LR200R2|20181018|73,77,77
LR200R2|20181018|74,77,77
LR200R2|20181018|75,77,77
LR200R2|20181018|76,77,77
LR200R2|20181018|77,77,77
LR200R2|20181018|78,77,77
LR200R2|20181018|79,77,77
LR200R2|20181018|8,77,77
LR200R2|20181018|80,77,77
LR200R2|20181018|81,77,77
LR200R2|20181018|82,77,77
LR200R2|20181018|83,77,77
LR200R2|20181018|84,77,77
LR200R2|20181018|85,77,77
LR200R2|20181018|86,77,77
LR200R2|20181018|87,77,77
LR200R2|20181018|88,77,77
LR200R2|20181018|89,77,77
LR200R2|20181018|9,77,77
LR200R2|20181018|90,77,77
LR200R2|20181018|91,77,77
LR200R2|20181018|92,77,77
LR200R2|20181018|94,77,77
LR200R2|20181018|96,77,77
LR200R2|20181018|97,77,77
LR200R2|20181018|98,77,77
LR200R2|20181018|99,77,77
LR210A1|20180101|10,77,77
LR210A1|20180101|11,77,77
LR210A1|20180101|12,77,77
LR210A1|20180101|13,77,77
LR210A1|20180101|14,77,77
LR210A1|20180101|15,77,77
LR210A1|20180101|16,77,77
LR210A1|20180101|17,77,77
LR210A1|20180101|18,77,77
LR210A1|20180101|19,77,77
LR210A1|20180101|2,77,77
LR210A1|20180101|20,77,77
LR210A1|20180101|22,77,77
LR210A1|20180101|25,77,77
LR210A1|20180101|26,77,77
LR210A1|20180101|27,77,77
LR210A1|20180101|3,77,77
LR210A1|20180101|4,77,77
LR210A1|20180101|5,77,77
LR210A1|20180101|6,77,77
LR210A1|20180101|7,77,77
LR210A1|20180101|8,77,77
LR210A1|20180101|9,77,77
LR210R1|20181122|1,77,77
LR210R1|20181122|10,77,77
LR210R1|20181122|11,77,77
LR210R1|20181122|12,77,77
LR210R1|20181122|13,77,77
LR210R1|20181122|14,77,77
LR210R1|20181122|15,77,77
LR210R1|20181122|16,77,77
LR210R1|20181122|17,77,77
LR210R1|20181122|18,77,77
LR210R1|20181122|19,77,77
LR210R1|20181122|2,77,77
LR210R1|20181122|20,77,77
LR210R1|20181122|21,77,77
LR210R1|20181122|22,77,77
LR210R1|20181122|23,77,77
LR210R1|20181122|3,77,77
LR210R1|20181122|4,77,77
LR210R1|20181122|5,77,77
LR210R1|20181122|6,77,77
LR210R1|20181122|7,77,77
LR210R1|20181122|8,77,77
LR210R1|20181122|9,77,77
LR215A|20160401|1,,
LR215A|20160401|2,,
LR217A1|20181101|1,77,77
LR217A1|20181101|10,77,77
LR217A1|20181101|11,77,77
LR217A1|20181101|12,77,77
LR217A1|20181101|13,77,77
LR217A1|20181101|14,77,77
LR217A1|20181101|15,77,77
LR217A1|20181101|16,77,77
LR217A1|20181101|2,77,77
LR217A1|20181101|3,77,77
LR217A1|20181101|4,77,77
LR217A1|20181101|5,77,77
LR217A1|20181101|6,77,77
LR217A1|20181101|7,77,77
LR217A1|20181101|8,77,77
LR217A1|20181101|9,77,77
LR217R1|20181119|1,77,77
LR217R1|20181119|10,77,77
LR217R1|20181119|11,77,77
LR217R1|20181119|12,77,77
LR217R1|20181119|13,77,77
LR217R1|20181119|14,77,77
LR217R1|20181119|15,77,77
LR217R1|20181119|16,77,77
LR217R1|20181119|2,77,77
LR217R1|20181119|3,77,77
LR217R1|20181119|4,77,77
LR217R1|20181119|5,77,77
LR217R1|20181119|6,77,77
LR217R1|20181119|7,77,77
LR217R1|20181119|8,77,77
LR217R1|20181119|9,77,77
LR230A1|20181122|1,78,78
LR230A1|20181122|10,78,78
LR230A1|20181122|11,78,78
LR230A1|20181122|12,78,78
LR230A1|20181122|13,78,78
LR230A1|20181122|14,78,78
LR230A1|20181122|15,78,78
LR230A1|20181122|16,78,78
LR230A1|20181122|17,78,78
LR230A1|20181122|18,78,78
LR230A1|20181122|19,78,78
LR230A1|20181122|2,78,78
LR230A1|20181122|20,78,78
LR230A1|20181122|21,78,78
LR230A1|20181122|22,78,78
LR230A1|20181122|23,78,78
LR230A1|20181122|24,78,78
LR230A1|20181122|25,78,78
LR230A1|20181122|26,78,78
LR230A1|20181122|27,78,78
LR230A1|20181122|28,78,78
LR230A1|20181122|29,78,78
LR230A1|20181122|3,78,78
LR230A1|20181122|30,78,78
LR230A1|20181122|31,78,78
LR230A1|20181122|32,78,78
LR230A1|20181122|33,78,78
LR230A1|20181122|34,78,78
LR230A1|20181122|35,78,78
LR230A1|20181122|36,78,78
LR230A1|20181122|39,78,78
LR230A1|20181122|4,78,78
LR230A1|20181122|40,78,78
LR230A1|20181122|41,78,78
LR230A1|20181122|5,78,78
LR230A1|20181122|6,78,78
LR230A1|20181122|7,78,78
LR230A1|20181122|8,78,78
LR230A1|20181122|9,78,78
LR230A2|20181122|1,78,78
LR230A2|20181122|2,78,78
LR230A2|20181122|3,78,78
LR230A2|20181122|4,78,78
LR230A2|20181122|5,78,78
LR230R1|20181122|1,78,78
LR230R1|20181122|10,78,78
LR230R1|20181122|11,78,78
LR230R1|20181122|12,78,78
LR230R1|20181122|13,78,78
LR230R1|20181122|14,78,78
LR230R1|20181122|15,78,78
LR230R1|20181122|16,78,78
LR230R1|20181122|17,78,78
LR230R1|20181122|18,78,78
LR230R1|20181122|19,78,78
LR230R1|20181122|2,78,78
LR230R1|20181122|20,78,78
LR230R1|20181122|21,78,78
LR230R1|20181122|22,78,78
LR230R1|20181122|23,78,78
LR230R1|20181122|24,78,78
LR230R1|20181122|25,78,78
LR230R1|20181122|26,78,78
LR230R1|20181122|27,78,78
LR230R1|20181122|28,78,78
LR230R1|20181122|29,78,78
LR230R1|20181122|3,78,78
LR230R1|20181122|30,78,78
LR230R1|20181122|31,78,78
LR230R1|20181122|32,78,78
LR230R1|20181122|33,78,78
LR230R1|20181122|34,78,78
LR230R1|20181122|35,78,78
LR230R1|20181122|39,78,78
LR230R1|20181122|4,78,78
LR230R1|20181122|40,78,78
LR230R1|20181122|41,78,78
LR230R1|20181122|5,78,78
LR230R1|20181122|6,78,78
LR230R1|20181122|7,78,78
LR230R1|20181122|8,78,78
LR230R1|20181122|9,78,78
LR230R2|20180101|1,78,78
LR230R2|20180101|2,78,78
LR230R2|20180101|3,78,78
LR230R2|20180101|4,78,78
LR230R2|20180101|5,78,78
LR232A1|20181127|1,78,78
LR232A1|20181127|2,78,78
LR232A1|20181127|3,78,78
LR232A1|20181127|4,78,78
LR232A1|20181127|5,78,78
LR232A1|20181127|6,78,78
LR232A1|20181127|7,78,78
LR232A1|20181127|8,78,78
LR232R1|20180101|1,78,78
LR232R1|20180101|12,78,78
LR232R1|20180101|6,78,78
LR232R1|20180101|7,78,78
LR232R1|20180101|8,78,78
LR233A1|20180101|2,78,78
LR233A1|20180101|3,78,78
LR233A2|20181211|2,78,78
LR233A2|20181211|3,78,78
LR233R1|20180101|1,78,78
LR233R1|20180101|3,78,78
LR233R1|20180101|4,78,78
LR233R1|20180101|5,78,78
LR233R1|20180101|6,78,78
LR250A1|20180101|1,77,77
LR250A1|20180101|10,77,77
LR250A1|20180101|11,77,77
LR250A1|20180101|12,77,77
LR250A1|20180101|13,77,77
LR250A1|20180101|14,77,77
LR250A1|20180101|15,77,77
LR250A1|20180101|16,77,77
LR250A1|20180101|17,77,77
LR250A1|20180101|18,77,77
LR250A1|20180101|19,77,77
LR250A1|20180101|2,77,77
LR250A1|20180101|20,77,77
LR250A1|20180101|21,77,77
LR250A1|20180101|22,77,77
LR250A1|20180101|3,77,77
LR250A1|20180101|4,77,77
LR250A1|20180101|5,77,77
LR250A1|20180101|6,77,77
LR250A1|20180101|7,77,77
LR250A1|20180101|8,77,77
LR250A1|20180101|9,77,77
LR250R1|20180101|1,77,77
LR250R1|20180101|10,77,77
LR250R1|20180101|11,77,77
LR250R1|20180101|12,77,77
LR250R1|20180101|13,77,77
LR250R1|20180101|14,77,77
LR250R1|20180101|15,77,77
LR250R1|20180101|16,77,77
LR250R1|20180101|17,77,77
LR250R1|20180101|18,77,77
LR250R1|20180101|19,77,77
LR250R1|20180101|2,77,77
LR250R1|20180101|20,77,77
LR250R1|20180101|21,77,77
LR250R1|20180101|22,77,77
LR250R1|20180101|23,77,77
LR250R1|20180101|24,77,77
LR250R1|20180101|3,77,77
LR250R1|20180101|4,77,77
LR250R1|20180101|5,77,77
LR250R1|20180101|6,77,77
LR250R1|20180101|7,77,77
LR250R1|20180101|8,77,77
LR250R1|20180101|9,77,77
LR270A1|20130803|1,,
LR270R1|20130803|1,,
LR270R1|20130803|2,,
LR300A1|20180101|1,78,78
LR300A1|20180101|10,78,78
LR300A1|20180101|11,78,78
LR300A1|20180101|12,78,78
LR300A1|20180101|13,78,78
LR300A1|20180101|16,78,78
LR300A1|20180101|17,78,78
LR300A1|20180101|18,78,78
LR300A1|20180101|19,78,78
LR300A1|20180101|2,78,78
LR300A1|20180101|21,78,78
LR300A1|20180101|22,78,78
LR300A1|20180101|23,78,78
LR300A1|20180101|24,78,78
LR300A1|20180101|25,78,78
LR300A1|20180101|26,78,78
LR300A1|20180101|27,78,78
LR300A1|20180101|28,78,78
LR300A1|20180101|29,78,78
LR300A1|20180101|3,78,78
LR300A1|20180101|4,78,78
LR300A1|20180101|5,78,78
LR300A1|20180101|6,78,78
LR300A1|20180101|7,78,78
LR300A1|20180101|8,78,78
LR300A1|20180101|9,78,78
LR300R1|20180101|1,78,78
LR300R1|20180101|10,78,78
LR300R1|20180101|11,78,78
LR300R1|20180101|12,78,78
LR300R1|20180101|13,78,78
LR300R1|20180101|14,78,78
LR300R1|20180101|15,78,78
LR300R1|20180101|16,78,78
LR300R1|20180101|17,78,78
LR300R1|20180101|18,78,78
LR300R1|20180101|19,78,78
LR300R1|20180101|2,78,78
LR300R1|20180101|20,78,78
LR300R1|20180101|21,78,78
LR300R1|20180101|22,78,78
LR300R1|20180101|23,78,78
LR300R1|20180101|24,78,78
LR300R1|20180101|26,78,78
LR300R1|20180101|27,78,78
LR300R1|20180101|28,78,78
LR300R1|20180101|29,78,78
LR300R1|20180101|3,78,78
LR300R1|20180101|30,78,78
LR300R1|20180101|31,78,78
LR300R1|20180101|32,78,78
LR300R1|20180101|4,78,78
LR300R1|20180101|5,78,78
LR300R1|20180101|6,78,78
LR300R1|20180101|7,78,78
LR300R1|20180101|8,78,78
LR300R1|20180101|9,78,78
LR301A1|20080122|1,78,78
LR301A1|20080122|2,78,78
LR301A1|20080122|3,78,78
LR301A1|20080122|4,78,78
LR301A1|20080122|5,78,78
LR301A1|20080122|6,78,78
LR301A1|20080122|7,78,78
LR301A1|20080122|8,78,78
LR301R1|20181227|1,78,78
LR301R1|20181227|2,78,78
LR301R1|20181227|3,78,78
LR301R1|20181227|4,78,78
LR301R1|20181227|6,78,78
LR301R2|20180127|4,78,78
LR301R3|20190802|4,78,78
LR301R3|20190802|5,78,78
LR302A1|20080122|1,78,78
LR302A1|20080122|2,78,78
LR302A1|20080122|3,78,78
LR302A1|20080122|4,78,78
LR302A1|20080122|5,78,78
LR302A1|20080122|6,78,78
LR302A2|20080122|1,78,78
LR302A2|20080122|2,78,78
LR302R1|20181228|1,78,78
LR302R1|20181228|2,78,78
LR302R1|20181228|3,78,78
LR302R1|20181228|4,78,78
LR302R1|20181228|6,78,78
LR302R1|20181228|7,78,78
LR302R1|20181228|8,78,78
LR302R2|20181228|2,78,78
LR302R2|20181228|3,78,78
LR303A1|20190114|1,78,78
LR303A1|20190114|10,78,78
LR303A1|20190114|2,78,78
LR303A1|20190114|3,78,78
LR303A1|20190114|4,78,78
LR303A1|20190114|5,78,78
LR303A1|20190114|6,78,78
LR303A1|20190114|7,78,78
LR303A1|20190114|8,78,78
LR303A1|20190114|9,78,78
LR303A2|20190114|2,78,78
LR303A3|20190805|2,78,78
LR303R1|20190114|1,78,78
LR303R1|20190114|10,78,78
LR303R1|20190114|11,78,78
LR303R1|20190114|2,78,78
LR303R1|20190114|3,78,78
LR303R1|20190114|4,78,78
LR303R1|20190114|5,78,78
LR303R1|20190114|6,78,78
LR303R1|20190114|7,78,78
LR303R1|20190114|8,78,78
LR303R1|20190114|9,78,78
LR304A1|20151218|3,78,78
LR304A1|20151218|6,78,78
LR304R1|20151218|1,78,78
LR304R1|20151218|3,78,78
LR340A1|20071126|11,78,78
LR340A1|20071126|12,78,78
LR340A1|20071126|13,78,78
LR340A1|20071126|14,78,78
LR340A1|20071126|15,78,78
LR340A1|20071126|2,78,78
LR340A1|20071126|3,78,78
LR340A1|20071126|5,78,78
LR340A1|20071126|6,78,78
LR340A1|20071126|7,78,78
LR340A1|20071126|8,78,78
LR340A1|20071126|9,78,78
LR340R1|20071126|1,78,78
LR340R1|20071126|11,78,78
LR340R1|20071126|12,78,78
LR340R1|20071126|2,78,78
LR340R1|20071126|3,78,78
LR340R1|20071126|4,78,78
LR340R1|20071126|5,78,78
LR340R1|20071126|6,78,78
LR340R1|20071126|7,78,78
LR340R1|20071126|8,78,78
LR360A1|20071127|1,78,78
LR360A1|20071127|2,78,78
LR360R2|20080213|1,78,78
LR360R2|20080213|2,78,78
LR360R2|20080213|3,78,78
LR400A1|20181130|1,77,77
LR400A1|20181130|11,77,77
LR400A1|20181130|12,77,77
LR400A1|20181130|13,77,77
LR400A1|20181130|14,77,77
LR400A1|20181130|15,77,77
LR400A1|20181130|16,77,77
LR400A1|20181130|17,77,77
LR400A1|20181130|18,77,77
LR400A1|20181130|19,77,77
LR400A1|20181130|20,77,77
LR400A1|20181130|21,77,77
LR400A1|20181130|22,77,77
LR400A1|20181130|24,77,77
LR400A1|20181130|28,77,77
LR400A1|20181130|3,77,77
LR400A1|20181130|30,77,77
LR400A1|20181130|31,77,77
LR400A1|20181130|32,77,77
LR400A1|20181130|33,77,77
LR400A1|20181130|34,77,77
LR400A1|20181130|35,77,77
LR400A1|20181130|36,77,77
LR400A1|20181130|37,77,77
LR400A1|20181130|38,77,77
LR400A1|20181130|39,77,77
LR400A1|20181130|4,77,77
LR400A1|20181130|41,77,77
LR400A1|20181130|42,77,77
LR400A1|20181130|45,77,77
LR400A1|20181130|46,77,77
LR400A1|20181130|47,77,77
LR400A1|20181130|49,77,77
LR400A1|20181130|5,77,77
LR400A1|20181130|50,77,77
LR400A1|20181130|52,77,77
LR400A1|20181130|54,77,77
LR400A1|20181130|57,77,77
LR400A1|20181130|59,77,77
LR400A1|20181130|6,77,77
LR400A1|20181130|60,77,77
LR400A1|20181130|61,77,77
LR400A1|20181130|62,77,77
LR400A1|20181130|63,77,77
LR400A1|20181130|64,77,77
LR400A1|20181130|65,77,77
LR400A1|20181130|66,77,77
LR400A1|20181130|67,77,77
LR400A1|20181130|68,77,77
LR400A1|20181130|69,77,77
LR400A1|20181130|7,77,77
LR400A1|20181130|70,77,77
LR400A1|20181130|8,77,77
LR400A1|20181130|9,77,77
LR400R1|20181130|1,77,77
LR400R1|20181130|2,77,77
LR400R1|20181130|23,77,77
LR400R1|20181130|3,77,77
LR400R1|20181130|38,77,77
LR400R1|20181130|39,77,77
LR400R1|20181130|4,77,77
LR400R1|20181130|40,77,77
LR400R1|20181130|41,77,77
LR400R1|20181130|42,77,77
LR400R1|20181130|43,77,77
LR400R1|20181130|44,77,77
LR400R1|20181130|45,77,77
LR400R1|20181130|46,77,77
LR400R1|20181130|47,77,77
LR400R1|20181130|48,77,77
LR400R1|20181130|49,77,77
LR400R1|20181130|50,77,77
LR400R1|20181130|51,77,77
LR400R1|20181130|52,77,77
LR400R1|20181130|55,77,77
LR400R1|20181130|56,77,77
LR400R1|20181130|57,77,77
LR400R1|20181130|58,77,77
LR400R1|20181130|59,77,77
LR400R1|20181130|6,77,77
LR400R1|20181130|60,77,77
LR400R1|20181130|61,77,77
LR400R1|20181130|62,77,77
LR400R1|20181130|63,77,77
LR400R1|20181130|64,77,77
LR400R1|20181130|65,77,77
LR400R1|20181130|66,77,77
LR400R1|20181130|68,77,77
LR400R1|20181130|69,77,77
LR400R1|20181130|7,77,77
LR400R1|20181130|70,77,77
LR400R1|20181130|71,77,77
LR400R1|20181130|72,77,77
LR400R1|20181130|74,77,77
LR400R1|20181130|76,77,77
LR400R1|20181130|77,77,77
LR400R1|20181130|79,77,77
LR400R1|20181130|80,77,77
LR400R1|20181130|81,77,77
LR400R1|20181130|83,77,77
LR400R1|20181130|84,77,77
LR400R1|20181130|85,77,77
LR400R1|20181130|86,77,77
LR400R1|20181130|87,77,77
LR400R1|20181130|88,77,77
LR400R1|20181130|89,77,77
LR400R1|20181130|90,77,77
LR401A1|20080201|1,77,77
LR401A1|20080201|2,77,77
LR401A2|20080201|1,77,77
LR401A3|20090901|1,77,77
LR401A3|20090901|2,77,77
LR401R1|20090901|1,77,77
LR401R1|20090901|2,77,77
LR401R1|20090901|3,77,77
LR401R1|20090901|4,77,77
LR401R1|20090901|5,77,77
LR401R1|20090901|6,77,77
LR401R1|20090901|7,77,77
LR401R2|20090901|1,77,77
LR401R2|20090901|2,77,77
LR401R2|20090901|3,77,77
LR401R2|20090901|4,77,77
LR401R2|20090901|5,77,77
LR401R2|20090901|6,77,77
LR401R3|20080123|1,77,77
LR401R3|20080123|2,77,77
LR401R3|20080123|3,77,77
LR401R3|20080123|4,77,77
LR401R3|20080123|5,77,77
LR401R3|20080123|6,77,77
LR401R3|20080123|7,77,77
LR500A1|20071009|1,78,78
LR500A1|20071009|10,78,78
LR500A1|20071009|11,78,78
LR500A1|20071009|12,78,78
LR500A1|20071009|13,78,78
LR500A1|20071009|14,78,78
LR500A1|20071009|15,78,78
LR500A1|20071009|16,78,78
LR500A1|20071009|17,78,78
LR500A1|20071009|18,78,78
LR500A1|20071009|19,78,78
LR500A1|20071009|2,78,78
LR500A1|20071009|20,78,78
LR500A1|20071009|21,78,78
LR500A1|20071009|22,78,78
LR500A1|20071009|23,78,78
LR500A1|20071009|24,78,78
LR500A1|20071009|25,78,78
LR500A1|20071009|26,78,78
LR500A1|20071009|27,78,78
LR500A1|20071009|28,78,78
LR500A1|20071009|29,78,78
LR500A1|20071009|30,78,78
LR500A1|20071009|31,78,78
LR500A1|20071009|32,78,78
LR500A1|20071009|33,78,78
LR500A1|20071009|34,78,78
LR500A1|20071009|35,78,78
LR500A1|20071009|36,78,78
LR500A1|20071009|37,78,78
LR500A1|20071009|38,78,78
LR500A1|20071009|39,78,78
LR500A1|20071009|40,78,78
LR500A1|20071009|41,78,78
LR500A1|20071009|42,78,78
LR500A1|20071009|43,78,78
LR500A1|20071009|44,78,78
LR500A1|20071009|45,78,78
LR500A1|20071009|46,78,78
LR500A1|20071009|47,78,78
LR500A1|20071009|48,78,78
LR500A1|20071009|49,78,78
LR500A1|20071009|5,78,78
LR500A1|20071009|50,78,78
LR500A1|20071009|51,78,78
LR500A1|20071009|52,78,78
LR500A1|20071009|53,78,78
LR500A1|20071009|54,78,78
LR500A1|20071009|55,78,78
LR500A1|20071009|56,78,78
LR500A1|20071009|57,78,78
LR500A1|20071009|58,78,78
LR500A1|20071009|59,78,78
LR500A1|20071009|6,78,78
LR500A1|20071009|7,78,78
LR500A1|20071009|9,78,78
LR500R1|20071009|1,78,78
LR500R1|20071009|11,78,78
LR500R1|20071009|12,78,78
LR500R1|20071009|13,78,78
LR500R1|20071009|15,78,78
LR500R1|20071009|16,78,78
LR500R1|20071009|18,78,78
LR500R1|20071009|19,78,78
LR500R1|20071009|2,78,78
LR500R1|20071009|20,78,78
LR500R1|20071009|21,78,78
LR500R1|20071009|22,78,78
LR500R1|20071009|23,78,78
LR500R1|20071009|25,78,78
LR500R1|20071009|26,78,78
LR500R1|20071009|27,78,78
LR500R1|20071009|29,78,78
LR500R1|20071009|3,78,78
LR500R1|20071009|31,78,78
LR500R1|20071009|32,78,78
LR500R1|20071009|33,78,78
LR500R1|20071009|34,78,78
LR500R1|20071009|35,78,78
LR500R1|20071009|36,78,78
LR500R1|20071009|37,78,78
LR500R1|20071009|4,78,78
LR500R1|20071009|40,78,78
LR500R1|20071009|41,78,78
LR500R1|20071009|43,78,78
LR500R1|20071009|44,78,78
LR500R1|20071009|45,78,78
LR500R1|20071009|48,78,78
LR500R1|20071009|5,78,78
LR500R1|20071009|51,78,78
LR500R1|20071009|52,78,78
LR500R1|20071009|53,78,78
LR500R1|20071009|54,78,78
LR500R1|20071009|55,78,78
LR500R1|20071009|56,78,78
LR500R1|20071009|57,78,78
LR500R1|20071009|58,78,78
LR500R1|20071009|59,78,78
LR500R1|20071009|60,78,78
LR500R1|20071009|61,78,78
LR500R1|20071009|62,78,78
LR500R1|20071009|63,78,78
LR500R1|20071009|64,78,78
LR500R1|20071009|65,78,78
LR500R1|20071009|66,78,78
LR500R1|20071009|67,78,78
LR500R1|20071009|68,78,78
LR500R1|20071009|69,78,78
LR500R1|20071009|7,78,78
LR500R1|20071009|70,78,78
LR500R1|20071009|8,78,78
LR500R1|20071009|9,78,78
LR500SA1|20180511|1,78,78
LR500SA2|20181214|1,78,78
LR500SR1|20180511|1,78,78
LR500SR1|20180511|2,78,78
LR500SR1|20180511|3,78,78
LR500SR1|20180511|4,78,78
LR500SR1|20180511|5,78,78
LR511A1|20160629|1,77,77
LR511A1|20160629|10,77,77
LR511A1|20160629|11,77,77
LR511A1|20160629|2,77,77
LR511A1|20160629|3,77,77
LR511A1|20160629|4,77,77
LR511A1|20160629|5,77,77
LR511A1|20160629|6,77,77
LR511A1|20160629|7,77,77
LR511A1|20160629|8,77,77
LR511A1|20160629|9,77,77
LR511A2|20181217|6,77,77
LR511A3|20181217|6,77,77
LR511R1|20181211|1,77,77
LR511R1|20181211|10,77,77
LR511R1|20181211|2,77,77
LR511R1|20181211|3,77,77
LR511R1|20181211|4,77,77
LR511R1|20181211|5,77,77
LR511R1|20181211|6,77,77
LR511R1|20181211|7,77,77
LR511R1|20181211|8,77,77
LR511R1|20181211|9,77,77
LR511R2|20181217|4,77,77
LR511R2|20181217|6,77,77
LR511R2|20181217|7,77,77
LR511R2|20181217|9,77,77
LR512A1|20071008|1,77,77
LR512R1|20071008|1,77,77
LR530A1|20181212|1,78,78
LR530A1|20181212|10,78,78
LR530A1|20181212|11,78,78
LR530A1|20181212|12,78,78
LR530A1|20181212|13,78,78
LR530A1|20181212|14,78,78
LR530A1|20181212|15,78,78
LR530A1|20181212|16,78,78
LR530A1|20181212|17,78,78
LR530A1|20181212|18,78,78
LR530A1|20181212|19,78,78
LR530A1|20181212|2,78,78
LR530A1|20181212|20,78,78
LR530A1|20181212|21,78,78
LR530A1|20181212|22,78,78
LR530A1|20181212|3,78,78
LR530A1|20181212|4,78,78
LR530A1|20181212|5,78,78
LR530A1|20181212|6,78,78
LR530A1|20181212|7,78,78
LR530A1|20181212|8,78,78
LR530A1|20181212|9,78,78
LR530R1|20071130|1,78,78
LR530R1|20071130|10,78,78
LR530R1|20071130|11,78,78
LR530R1|20071130|12,78,78
LR530R1|20071130|15,78,78
LR530R1|20071130|16,78,78
LR530R1|20071130|17,78,78
LR530R1|20071130|18,78,78
LR530R1|20071130|19,78,78
LR530R1|20071130|20,78,78
LR530R1|20071130|21,78,78
LR530R1|20071130|22,78,78
LR530R1|20071130|23,78,78
LR530R1|20071130|24,78,78
LR530R1|20071130|25,78,78
LR530R1|20071130|26,78,78
LR530R1|20071130|27,78,78
LR530R1|20071130|3,78,78
LR530R1|20071130|4,78,78
LR530R1|20071130|5,78,78
LR530R1|20071130|6,78,78
LR530R1|20071130|9,78,78
LR530R2|20181213|1,78,78
LR530R2|20181213|16,78,78
LR530R2|20181213|2,78,78
LR530R2|20181213|6,78,78
LR530R3|20181213|14,78,78
LR530R3|20181213|2,78,78
LR600A1|20071008|1,78,78
LR600A1|20071008|10,78,78
LR600A1|20071008|11,78,78
LR600A1|20071008|12,78,78
LR600A1|20071008|13,78,78
LR600A1|20071008|14,78,78
LR600A1|20071008|15,78,78
LR600A1|20071008|16,78,78
LR600A1|20071008|17,78,78
LR600A1|20071008|18,78,78
LR600A1|20071008|19,78,78
LR600A1|20071008|20,78,78
LR600A1|20071008|21,78,78
LR600A1|20071008|22,78,78
LR600A1|20071008|23,78,78
LR600A1|20071008|25,78,78
LR600A1|20071008|27,78,78
LR600A1|20071008|28,78,78
LR600A1|20071008|29,78,78
LR600A1|20071008|3,78,78
LR600A1|20071008|30,78,78
LR600A1|20071008|31,78,78
LR600A1|20071008|32,78,78
LR600A1|20071008|33,78,78
LR600A1|20071008|34,78,78
LR600A1|20071008|35,78,78
LR600A1|20071008|36,78,78
LR600A1|20071008|4,78,78
LR600A1|20071008|43,78,78
LR600A1|20071008|44,78,78
LR600A1|20071008|45,78,78
LR600A1|20071008|48,78,78
LR600A1|20071008|49,78,78
LR600A1|20071008|5,78,78
LR600A1|20071008|50,78,78
LR600A1|20071008|51,78,78
LR600A1|20071008|52,78,78
LR600A1|20071008|53,78,78
LR600A1|20071008|54,78,78
LR600A1|20071008|55,78,78
LR600A1|20071008|56,78,78
LR600A1|20071008|57,78,78
LR600A1|20071008|58,78,78
LR600A1|20071008|59,78,78
LR600A1|20071008|6,78,78
LR600A1|20071008|60,78,78
LR600A1|20071008|61,78,78
LR600A1|20071008|62,78,78
LR600A1|20071008|63,78,78
LR600A1|20071008|64,78,78
LR600A1|20071008|65,78,78
LR600A1|20071008|66,78,78
LR600A1|20071008|67,78,78
LR600A1|20071008|68,78,78
LR600A1|20071008|69,78,78
LR600A1|20071008|7,78,78
LR600A1|20071008|70,78,78
LR600A1|20071008|71,78,78
LR600A1|20071008|72,78,78
LR600A1|20071008|73,78,78
LR600A1|20071008|74,78,78
LR600A1|20071008|75,78,78
LR600A1|20071008|76,78,78
LR600A1|20071008|77,78,78
LR600A1|20071008|78,78,78
LR600A1|20071008|79,78,78
LR600A1|20071008|8,78,78
LR600A1|20071008|80,78,78
LR600A1|20071008|81,78,78
LR600A1|20071008|82,78,78
LR600A1|20071008|83,78,78
LR600A1|20071008|84,78,78
LR600A1|20071008|85,78,78
LR600A1|20071008|86,78,78
LR600A1|20071008|9,78,78
LR600NA1|20071116|1,78,78
LR600NA1|20071116|2,78,78
LR600NA1|20071116|3,78,78
LR600NA1|20071116|4,78,78
LR600NR1|20071116|1,78,78
LR600NR1|20071116|2,78,78
LR600NR1|20071116|3,78,78
LR600R1|20071008|1,78,78
LR600R1|20071008|100,78,78
LR600R1|20071008|101,78,78
LR600R1|20071008|102,78,78
LR600R1|20071008|103,78,78
LR600R1|20071008|104,78,78
LR600R1|20071008|105,78,78
LR600R1|20071008|106,78,78
LR600R1|20071008|107,78,78
LR600R1|20071008|108,78,78
LR600R1|20071008|109,78,78
LR600R1|20071008|110,78,78
LR600R1|20071008|111,78,78
LR600R1|20071008|112,78,78
LR600R1|20071008|113,78,78
LR600R1|20071008|114,78,78
LR600R1|20071008|115,78,78
LR600R1|20071008|116,78,78
LR600R1|20071008|117,78,78
LR600R1|20071008|118,78,78
LR600R1|20071008|119,78,78
LR600R1|20071008|120,78,78
LR600R1|20071008|121,78,78
LR600R1|20071008|122,78,78
LR600R1|20071008|49,78,78
LR600R1|20071008|50,78,78
LR600R1|20071008|51,78,78
LR600R1|20071008|52,78,78
LR600R1|20071008|53,78,78
LR600R1|20071008|54,78,78
LR600R1|20071008|55,78,78
LR600R1|20071008|56,78,78
LR600R1|20071008|57,78,78
LR600R1|20071008|58,78,78
LR600R1|20071008|59,78,78
LR600R1|20071008|60,78,78
LR600R1|20071008|61,78,78
LR600R1|20071008|62,78,78
LR600R1|20071008|63,78,78
LR600R1|20071008|64,78,78
LR600R1|20071008|65,78,78
LR600R1|20071008|66,78,78
LR600R1|20071008|67,78,78
LR600R1|20071008|68,78,78
LR600R1|20071008|69,78,78
LR600R1|20071008|70,78,78
LR600R1|20071008|71,78,78
LR600R1|20071008|72,78,78
LR600R1|20071008|73,78,78
LR600R1|20071008|74,78,78
LR600R1|20071008|75,78,78
LR600R1|20071008|76,78,78
LR600R1|20071008|77,78,78
LR600R1|20071008|78,78,78
LR600R1|20071008|79,78,78
LR600R1|20071008|80,78,78
LR600R1|20071008|81,78,78
LR600R1|20071008|82,78,78
LR600R1|20071008|83,78,78
LR600R1|20071008|84,78,78
LR600R1|20071008|85,78,78
LR600R1|20071008|86,78,78
LR600R1|20071008|87,78,78
LR600R1|20071008|88,78,78
LR600R1|20071008|89,78,78
LR600R1|20071008|90,78,78
LR600R1|20071008|91,78,78
LR600R1|20071008|92,78,78
LR600R1|20071008|93,78,78
LR600R1|20071008|94,78,78
LR600R1|20071008|95,78,78
LR600R1|20071008|96,78,78
LR600R1|20071008|97,78,78
LR600R1|20071008|98,78,78
LR600R1|20071008|99,78,78
LR610A1|20160201|1,78,78
LR610A1|20160201|10,78,78
LR610A1|20160201|11,78,78
LR610A1|20160201|12,78,78
LR610A1|20160201|13,78,78
LR610A1|20160201|14,78,78
LR610A1|20160201|15,78,78
LR610A1|20160201|16,78,78
LR610A1|20160201|17,78,78
LR610A1|20160201|18,78,78
LR610A1|20160201|19,78,78
LR610A1|20160201|2,78,78
LR610A1|20160201|20,78,78
LR610A1|20160201|21,78,78
LR610A1|20160201|22,78,78
LR610A1|20160201|23,78,78
LR610A1|20160201|24,78,78
LR610A1|20160201|25,78,78
LR610A1|20160201|26,78,78
LR610A1|20160201|27,78,78
LR610A1|20160201|28,78,78
LR610A1|20160201|29,78,78
LR610A1|20160201|3,78,78
LR610A1|20160201|35,78,78
LR610A1|20160201|36,78,78
LR610A1|20160201|37,78,78
LR610A1|20160201|38,78,78
LR610A1|20160201|39,78,78
LR610A1|20160201|4,78,78
LR610A1|20160201|42,78,78
LR610A1|20160201|43,78,78
LR610A1|20160201|44,78,78
LR610A1|20160201|45,78,78
LR610A1|20160201|46,78,78
LR610A1|20160201|47,78,78
LR610A1|20160201|48,78,78
LR610A1|20160201|49,78,78
LR610A1|20160201|5,78,78
LR610A1|20160201|50,78,78
LR610A1|20160201|51,78,78
LR610A1|20160201|52,78,78
LR610A1|20160201|53,78,78
LR610A1|20160201|54,78,78
LR610A1|20160201|55,78,78
LR610A1|20160201|56,78,78
LR610A1|20160201|57,78,78
LR610A1|20160201|58,78,78
LR610A1|20160201|59,78,78
LR610A1|20160201|6,78,78
LR610A1|20160201|60,78,78
LR610A1|20160201|61,78,78
LR610A1|20160201|7,78,78
LR610A1|20160201|8,78,78
LR610A1|20160201|9,78,78
LR610A2|20190107|1,78,78
LR610A2|20190107|2,78,78
LR610A2|20190107|3,78,78
LR610A3|20181213|1,78,78
LR610A3|20181213|2,78,78
LR610A3|20181213|3,78,78
LR610BISA1|20150201|1,78,78
LR610BISA1|20150201|2,78,78
LR610BISA1|20150201|3,78,78
LR610BISA1|20150201|4,78,78
LR610BISA2|20071108|1,78,78
LR610BISA2|20071108|2,78,78
LR610BISA2|20071108|3,78,78
LR610BISR1|20150301|1,78,78
LR610BISR1|20150301|2,78,78
LR610BISR2|20071109|1,78,78
LR610BISR2|20071109|2,78,78
LR610R1|20160201|1,78,78
LR610R1|20160201|10,78,78
LR610R1|20160201|11,78,78
LR610R1|20160201|12,78,78
LR610R1|20160201|13,78,78
LR610R1|20160201|14,78,78
LR610R1|20160201|15,78,78
LR610R1|20160201|16,78,78
LR610R1|20160201|17,78,78
LR610R1|20160201|18,78,78
LR610R1|20160201|19,78,78
LR610R1|20160201|20,78,78
LR610R1|20160201|21,78,78
LR610R1|20160201|22,78,78
LR610R1|20160201|23,78,78
LR610R1|20160201|24,78,78
LR610R1|20160201|25,78,78
LR610R1|20160201|26,78,78
LR610R1|20160201|27,78,78
LR610R1|20160201|28,78,78
LR610R1|20160201|29,78,78
LR610R1|20160201|3,78,78
LR610R1|20160201|30,78,78
LR610R1|20160201|31,78,78
LR610R1|20160201|32,78,78
LR610R1|20160201|33,78,78
LR610R1|20160201|34,78,78
LR610R1|20160201|35,78,78
LR610R1|20160201|36,78,78
LR610R1|20160201|37,78,78
LR610R1|20160201|38,78,78
LR610R1|20160201|39,78,78
LR610R1|20160201|4,78,78
LR610R1|20160201|40,78,78
LR610R1|20160201|41,78,78
LR610R1|20160201|42,78,78
LR610R1|20160201|43,78,78
LR610R1|20160201|44,78,78
LR610R1|20160201|45,78,78
LR610R1|20160201|46,78,78
LR610R1|20160201|47,78,78
LR610R1|20160201|48,78,78
LR610R1|20160201|49,78,78
LR610R1|20160201|5,78,78
LR610R1|20160201|50,78,78
LR610R1|20160201|51,78,78
LR610R1|20160201|52,78,78
LR610R1|20160201|53,78,78
LR610R1|20160201|54,78,78
LR610R1|20160201|6,78,78
LR610R1|20160201|7,78,78
LR610R1|20160201|8,78,78
LR610R1|20160201|9,78,78
LR610R2|20160201|22,78,78
LR610R3|20071011|1,78,78
LR610R5|20190927|1,78,78
LR610R5|20190927|2,78,78
LR611A1|20071025|1,78,78
LR611A1|20071025|2,78,78
LR611A1|20071025|3,78,78
LR611A1|20071025|4,78,78
LR611A1|20071025|5,78,78
LR611R1|20071025|1,78,78
LR611R1|20071025|2,78,78
LR630A1|20150101|10,78,78
LR630A1|20150101|17,78,78
LR630A1|20150101|19,78,78
LR630A1|20150101|20,78,78
LR630A2|20071204|10,78,78
LR630A2|20071204|11,78,78
LR630A2|20071204|5,78,78
LR630A2|20071204|6,78,78
LR630A2|20071204|7,78,78
LR630A2|20071204|8,78,78
LR630A2|20071204|9,78,78
LR630A3|20071204|1,78,78
LR630A3|20071204|2,78,78
LR630A3|20071204|3,78,78
LR630A3|20071204|4,78,78
LR630A3|20071204|5,78,78
LR630A3|20071204|6,78,78
LR630A3|20071204|7,78,78
LR630A3|20071204|8,78,78
LR630A3|20071204|9,78,78
LR630R1|20150101|11,78,78
LR630R1|20150101|12,78,78
LR630R1|20150101|4,78,78
LR630R1|20150101|9,78,78
LR630R2|20090901|1,78,78
LR630R2|20090901|2,78,78
LR630R2|20090901|3,78,78
LR630R2|20090901|4,78,78
LR630R2|20090901|5,78,78
LR630R2|20090901|6,78,78
LR630R2|20090901|7,78,78
LR630R3|20090901|1,78,78
LR630R3|20090901|2,78,78
LR630R3|20090901|3,78,78
LR630R3|20090901|4,78,78
LR630R3|20090901|5,78,78
LR630R3|20090901|6,78,78
LR630R3|20090901|7,78,78
LR630R3|20090901|8,78,78
LR630R3|20090901|9,78,78
LR650A1|20160601|1,77,77
LR650A1|20160601|2,77,77
LR650A1|20160601|3,77,77
LR650A1|20160601|4,77,77
LR650A2|20080114|1,77,77
LR650A2|20080114|10,77,77
LR650A2|20080114|11,77,77
LR650A2|20080114|13,77,77
LR650A2|20080114|14,77,77
LR650A2|20080114|2,77,77
LR650A2|20080114|3,77,77
LR650A2|20080114|4,77,77
LR650A2|20080114|8,77,77
LR650A2|20080114|9,77,77
LR650R1|20160601|1,77,77
LR650R1|20160601|2,77,77
LR650R1|20160601|3,77,77
LR650R1|20160601|4,77,77
LR650R2|20080114|10,77,77
LR650R2|20080114|11,77,77
LR650R2|20080114|12,77,77
LR650R2|20080114|13,77,77
LR650R2|20080114|2,77,77
LR650R2|20080114|3,77,77
LR650R2|20080114|4,77,77
LR650R2|20080114|7,77,77
LR650R2|20080114|8,77,77
LR650R2|20080114|9,77,77
LR701A1|20150301|1,77,77
LR701A2|20101209|1,77,77
LR701A2|20101209|10,77,77
LR701A2|20101209|11,77,77
LR701A2|20101209|12,77,77
LR701A2|20101209|13,77,77
LR701A2|20101209|2,77,77
LR701A2|20101209|3,77,77
LR701A2|20101209|6,77,77
LR701A2|20101209|9,77,77
LR701R1|20150301|1,77,77
LR701R1|20150301|10,77,77
LR701R1|20150301|2,77,77
LR701R1|20150301|3,77,77
LR701R1|20150301|4,77,77
LR701R1|20150301|6,77,77
LR701R1|20150301|7,77,77
LR701R1|20150301|8,77,77
LR701R1|20150301|9,77,77
LR701R2|20101209|1,77,77
LR712A1|20080214|1,77,77
LR712A1|20080214|2,77,77
LR712A2|20080214|1,77,77
LR712R1|20080218|2,77,77
LR712R1|20080218|3,77,77
LR720A1|20181219|1,78,78
LR720A1|20181219|2,78,78
LR720A1|20181219|3,78,78
LR720A1|20181219|4,78,78
LR720A1|20181219|5,78,78
LR720A2|20071102|1,78,78
LR720R1|20160301|1,78,78
LR720R1|20160301|2,78,78
LR720R1|20160301|3,78,78
LR720R1|20160301|4,78,78
LR721A1|20071102|1,78,78
LR721A1|20071102|2,78,78
LR721R1|20071102|1,78,78
LR770A1|20160801|4,78,78
LR770A2|20160801|6,77,77
LR770A2|20160801|7,77,77
LR770RA1|20110621|1,78,78
LR770RR1|20110621|1,78,78
LR770R1|20160801|1,78,78
LR770R1|20160801|2,78,78
LR770R2|20160801|5,77,77
LR770R2|20160801|6,77,77
LR770XA1|20100210|1,78,78
LR770XA2|20191220|1,,
LR770XR1|20100210|1,78,78
LR770XR1|20100210|2,78,78
LR790A1|20150801|1,78,78
LR790A1|20150801|2,78,78
LR790A1|20150801|3,78,78
LR790A1|20150801|5,78,78
LR790A1|20150801|6,78,78
LR790A1|20150801|7,78,78
LR790A1|20150801|8,78,78
LR790A1|20150801|9,78,78
LR790R1|20150801|1,78,78
LR790R1|20150801|2,78,78
LR790R2|20080219|1,78,78
LR790R3|20080219|1,78,78
LR790R3|20080219|2,78,78
LR790R3|20080219|3,78,78
LR905A1|20090211|1,,
LR905A1|20090211|2,,
LR905A1|20090211|3,,
LR905A2|20090211|1,,
LR905R1|20090211|1,,
LR905R1|20090211|2,,
LR905R1|20090211|3,,
LR905R2|20090211|1,,
LS860A1|20110401|1,,
LS860R1|20110401|1,,
LS860R1|20110401|2,,
LS860R1|20110401|3,,
LS891A1|20110505|1,,
LS891R1|20110505|1,,
LS891R1|20110505|2,,
LS892A1|20110505|1,,
LS892R1|20110505|1,,
LS892R1|20110505|2,,
LT865A1|20151106|1,,
LT865A1|20151106|2,,
LT865R1|20151106|1,,
